1692799811815234018 144.654109 0.000000
1692799811930019582 144.577615 0.000000
1692799812104549687 144.612772 0.000000
1692799812104707680 144.730838 0.000000
1692799812249622602 144.874041 0.000000
1692799812394578613 144.704240 0.000000
1692799812467300490 144.563288 0.000000
1692799812539243628 144.418330 0.000000
1692799812683679959 144.641894 0.000000
1692799812684276112 144.653472 0.000000
1692799812973170160 144.571392 0.000000
1692799812973945155 144.450240 0.000000
1692799813118975054 144.605861 0.000000
1692799813263783367 144.451231 0.000000
1692799813306000860 144.573145 0.000000
1692799813335942029 144.549560 0.000000
1692799813408468227 144.579345 0.000000
1692799813480585783 144.847163 0.000000
1692799813552849114 144.471659 0.000000
1692799813553477277 144.830765 0.000000
1692799813740395182 144.592921 0.000000
1692799813842298936 144.684364 0.000000
1692799813914604646 144.677779 0.000000
1692799814060670563 144.585749 0.000000
1692799814133158652 144.738140 0.000000
1692799814319694602 144.598955 0.000000
1692799814421670715 144.613483 0.000000
1692799814421761000 144.565928 0.000000
1692799814494008088 144.646546 0.000000
1692799814537431224 145.062394 0.000000
1692799814638928031 144.488022 0.000000
1692799814711044285 144.463946 0.000000
1692799814971744452 144.648410 0.000000
1692799815073827176 144.925260 0.000000
1692799815218569698 144.737383 0.000000
1692799815219213412 145.017335 0.000000
1692799815261098883 144.591598 0.000000
1692799815435580891 144.441639 0.000000
1692799815580691883 144.522121 0.000000
1692799815623180884 144.696542 0.000000
1692799815870270475 144.793479 0.000000
1692799816015138567 144.731959 0.000000
1692799816087779948 144.656334 0.000000
1692799816450046294 144.519364 0.000000
1692799816738772219 144.669845 0.000000
1692799816883900723 144.570188 0.000000
1692799816957018474 144.566159 0.000000
1692799817101637506 144.774218 0.000000
1692799817245509748 144.654179 0.000000
1692799817463427031 144.569286 0.000000
1692799817535343734 144.840873 0.000000
1692799817608082903 144.649377 0.000000
1692799817897553488 144.736335 0.000000
1692799817970526451 144.675263 0.000000
1692799818012747267 144.514739 0.000000
1692799818042969320 144.671740 0.000000
1692799818043195091 144.800890 0.000000
1692799818157303879 144.530210 0.000000
1692799818188239027 144.838959 0.000000
1692799818260778797 144.660764 0.000000
1692799818332517215 144.717682 0.000000
1692799818333409568 144.716353 0.000000
1692799818404718010 144.587152 0.000000
1692799818478064464 144.551329 0.000000
1692799818519231490 144.583559 0.000000
1692799818591647692 144.582532 0.000000
1692799818622000494 144.504285 0.000000
1692799818839995533 144.490151 0.000000
1692799818912377014 144.842517 0.000000
1692799818984483139 145.016367 0.000000
1692799819056927205 144.719435 0.000000
1692799819098611407 144.578051 0.000000
1692799819388075000 144.662633 0.000000
1692799819388163672 144.655306 0.000000
1692799819419983681 145.102913 0.000000
1692799819781884400 144.767697 0.000000
1692799819999391172 144.690428 0.000000
1692799820215997871 144.552145 0.000000
1692799820216119018 144.531272 0.000000
1692799820216659186 144.895821 0.000000
1692799820361650670 144.772464 0.000000
1692799820432027513 144.549459 0.000000
1692799820506176991 144.519695 0.000000
1692799820546488786 144.584471 0.000000
1692799820578763590 144.647708 0.000000
1692799820649041431 144.575901 0.000000
1692799820723135576 144.558847 0.000000
1692799821012039536 144.544046 0.000000
1692799821157309638 144.551594 0.000000
1692799821158189593 144.657666 0.000000
1692799821560933594 144.645022 0.000000
1692799821592360568 144.584231 0.000000
1692799821663729712 144.617052 0.000000
1692799821664633577 144.609504 0.000000
1692799821736147953 144.883587 0.000000
1692799821736823000 144.435238 0.000000
1692799821736991873 144.500250 0.000000
1692799821850707215 144.833762 0.000000
1692799821880730835 144.608778 0.000000
1692799821995254118 144.519383 0.000000
1692799822170738320 144.983912 0.000000
1692799822170801953 144.873870 0.000000
1692799822243499390 144.893711 0.000000
1692799822243638920 144.716669 0.000000
1692799822285248773 145.034489 0.000000
1692799822388427797 144.537110 0.000000
1692799822605952915 144.520728 0.000000
1692799822677540041 144.609048 0.000000
1692799822677815643 144.501258 0.000000
1692799822750451116 144.648756 0.000000
1692799822894593076 144.571697 0.000000
1692799822895065857 144.605810 0.000000
1692799822895512663 144.545951 0.000000
1692799822967386175 144.622929 0.000000
1692799823039651405 144.577670 0.000000
1692799823040490304 144.486467 0.000000
1692799823040618978 144.517886 0.000000
1692799823112167239 144.757579 0.000000
1692799823153941901 144.668070 0.000000
1692799823185402037 144.642822 0.000000
1692799823402378292 144.635814 0.000000
1692799823474450513 144.756235 0.000000
1692799823474925409 144.561041 0.000000
1692799823474945756 144.537155 0.000000
1692799823546870263 144.765152 0.000000
1692799823619498699 144.946279 0.000000
1692799823691868939 144.512784 0.000000
1692799823764153909 144.570719 0.000000
1692799823836165068 144.638179 0.000000
1692799823836336978 144.482678 0.000000
1692799823908574198 144.681341 0.000000
1692799823981520624 144.626459 0.000000
1692799824053918889 144.513226 0.000000
1692799824125684165 144.591267 0.000000
1692799824166899344 144.587704 0.000000
1692799824311655725 144.647292 0.000000
1692799824343480555 144.802538 0.000000
1692799824488399666 144.681146 0.000000
1692799824488441267 144.705588 0.000000
1692799824488819443 144.629014 0.000000
1692799824488852285 144.641409 0.000000
1692799824560796752 144.715476 0.000000
1692799824633151230 144.731097 0.000000
1692799824705754994 144.740294 0.000000
1692799824778502477 144.748578 0.000000
1692799824922626060 144.614511 0.000000
1692799824995304647 144.486638 0.000000
1692799825108473365 144.691805 0.000000
1692799825285411217 145.105905 0.000000
1692799825325576526 144.615843 0.000000
1692799825429719730 144.720002 0.000000
1692799825430534598 144.759388 0.000000
1692799825574263084 144.512172 0.000000
1692799825615151398 144.651086 0.000000
1692799825719237739 144.635555 0.000000
1692799825720330158 144.685537 0.000000
1692799825832306575 144.645323 0.000000
1692799825864077234 144.539070 0.000000
1692799826009428180 144.474440 0.000000
1692799826009572501 144.434026 0.000000
1692799826009746782 144.531808 0.000000
1692799826153499971 144.631570 0.000000
1692799826226051728 144.634081 0.000000
1692799826266797304 144.720036 0.000000
1692799826298365371 144.627797 0.000000
1692799826371030692 144.488977 0.000000
1692799826484335162 145.120978 0.000000
1692799826661092138 144.902477 0.000000
1692799826732799744 144.708709 0.000000
1692799826805353801 144.506283 0.000000
1692799826877943362 144.602678 0.000000
1692799827022897498 144.984151 0.000000
1692799827135912874 144.655832 0.000000
1692799827240922671 144.494682 0.000000
1692799827457893744 144.431449 0.000000
1692799827602746365 144.864769 0.000000
1692799827964156800 144.562740 0.000000
1692799828004444219 144.596168 0.000000
1692799828037164700 144.718327 0.000000
1692799828037474842 144.666285 0.000000
1692799828181861842 144.716573 0.000000
1692799828182370587 144.826575 0.000000
1692799828254488344 144.661600 0.000000
1692799828255047837 144.814165 0.000000
1692799828689165537 144.534494 0.000000
1692799828906563955 144.604575 0.000000
1692799828906677014 144.628363 0.000000
1692799828946000091 144.917340 0.000000
1692799829051343830 144.837961 0.000000
1692799829051615358 144.683726 0.000000
1692799829123712156 144.579133 0.000000
1692799829235455819 144.557332 0.000000
1692799829268246574 144.866086 0.000000
1692799829486536243 144.587974 0.000000
1692799829630507291 144.569942 0.000000
1692799829703025123 144.641834 0.000000
1692799829775466689 144.746898 0.000000
1692799829886829095 144.556481 0.000000
1692799829920021104 144.609702 0.000000
1692799829993299684 144.465263 0.000000
1692799830065277148 144.514818 0.000000
1692799830138214709 144.684574 0.000000
1692799830354384897 144.759895 0.000000
1692799830354993269 144.722502 0.000000
1692799830355363762 144.907739 0.000000
1692799830426987728 144.685666 0.000000
1692799830538326208 144.591301 0.000000
1692799830572440591 144.662818 0.000000
1692799830717659088 144.568363 0.000000
1692799830717694080 144.636472 0.000000
1692799830788838709 144.555333 0.000000
1692799830788887312 144.587397 0.000000
1692799830861092372 144.499242 0.000000
1692799830933946468 144.600678 0.000000
1692799831296620636 144.558691 0.000000
1692799831441110126 144.795377 0.000000
1692799831513036376 144.790946 0.000000
1692799831730877485 144.657470 0.000000
1692799831803064738 144.797832 0.000000
1692799831841871548 144.647487 0.000000
1692799832021665201 144.492190 0.000000
1692799832203774250 144.655826 0.000000
1692799832238667661 144.960425 0.000000
1692799832310686542 144.698291 0.000000
1692799832311185038 144.817338 0.000000
1692799832383104638 144.568790 0.000000
1692799832527826047 144.662226 0.000000
1692799832672325810 144.464580 0.000000
1692799832961806410 144.589262 0.000000
1692799832962034862 144.716435 0.000000
1692799833034801701 144.644715 0.000000
1692799833034835149 144.752110 0.000000
1692799833107074574 144.510988 0.000000
1692799833468678525 144.577700 0.000000
1692799833541729309 144.463984 0.000000
1692799833685824424 144.389632 0.000000
1692799833902598648 144.531101 0.000000
1692799833903527987 144.477541 0.000000
1692799833903618298 144.555893 0.000000
1692799834047236968 144.557698 0.000000
1692799834229918907 144.592438 0.000000
1692799834338047457 144.705662 0.000000
1692799834409782974 144.961799 0.000000
1692799834446999620 144.557282 0.000000
1692799834481974571 144.944293 0.000000
1692799834482548342 144.534975 0.000000
1692799834554771064 144.693594 0.000000
1692799834626743366 144.519669 0.000000
1692799834627340842 144.613752 0.000000
1692799834698954851 144.637574 0.000000
1692799834699894920 144.823687 0.000000
1692799834736321066 144.501346 0.000000
1692799834844707596 144.716618 0.000000
1692799834988241505 144.659731 0.000000
1692799835061066373 144.555773 0.000000
1692799835061288480 144.463408 0.000000
1692799835134092685 144.553909 0.000000
1692799835350982799 144.484919 0.000000
1692799835422303953 144.628654 0.000000
1692799835422432103 144.633224 0.000000
1692799835494747544 144.515629 0.000000
1692799835495411907 144.406330 0.000000
1692799835639664835 144.592133 0.000000
1692799835749284317 144.517529 0.000000
1692799835749319454 144.526625 0.000000
1692799836001888894 144.560459 0.000000
1692799836146900233 144.542221 0.000000
1692799836147393763 144.810727 0.000000
1692799836256149413 144.648675 0.000000
1692799836363825750 144.559668 0.000000
1692799836400807003 144.634742 0.000000
1692799836437256168 144.558204 0.000000
1692799836509241851 144.610270 0.000000
1692799836509291562 144.557627 0.000000
1692799836581015767 144.510203 0.000000
1692799836581080734 144.496576 0.000000
1692799836581217106 144.625936 0.000000
1692799836870738517 144.724210 0.000000
1692799836870815351 144.863796 0.000000
1692799836870892220 144.681877 0.000000
1692799836871769518 144.613919 0.000000
1692799837088222167 144.736263 0.000000
1692799837160618152 144.766334 0.000000
1692799837232893445 144.655806 0.000000
1692799837234005795 144.858524 0.000000
1692799837522613438 144.729027 0.000000
1692799837523290961 144.537115 0.000000
1692799837595178506 144.744047 0.000000
1692799837740342921 144.684338 0.000000
1692799837812524977 144.714669 0.000000
1692799837884660084 144.497237 0.000000
1692799837884736291 144.702996 0.000000
1692799837957457007 144.536984 0.000000
1692799838283837286 144.695367 0.000000
1692799838319219732 144.591341 0.000000
1692799838319559633 144.597310 0.000000
1692799838464410924 144.625460 0.000000
1692799838682206336 145.123956 0.000000
1692799838753899713 144.633914 0.000000
1692799838754186005 144.876258 0.000000
1692799838827442860 144.956717 0.000000
1692799839044173016 144.540027 0.000000
1692799839044703957 145.035455 0.000000
1692799839117499010 144.868627 0.000000
1692799839369948546 144.622604 0.000000
1692799839406233759 144.541865 0.000000
1692799839550857545 144.636080 0.000000
1692799839624607548 144.754015 0.000000
1692799839696798349 144.596257 0.000000
1692799839768246942 144.707115 0.000000
1692799839841625709 144.684347 0.000000
1692799839913365515 144.858166 0.000000
1692799840203096975 144.545679 0.000000
1692799840203862222 144.626152 0.000000
1692799840276015997 144.611664 0.000000
1692799840420165529 144.502283 0.000000
1692799840709971141 144.830693 0.000000
1692799840782035262 144.625170 0.000000
1692799840782659687 144.666521 0.000000
1692799840818099149 144.568798 0.000000
1692799840927680838 144.894065 0.000000
1692799840962655775 144.531361 0.000000
1692799841035175627 144.534975 0.000000
1692799841072215713 144.518707 0.000000
1692799841144245123 144.686968 0.000000
1692799841179731319 144.621546 0.000000
1692799841217575422 144.578736 0.000000
1692799841289116581 144.806000 0.000000
1692799841686634338 144.598688 0.000000
1692799841868787925 144.675397 0.000000
1692799841869293758 144.572757 0.000000
1692799842048901506 144.873894 0.000000
1692799842158899113 144.381878 0.000000
1692799842231009723 144.694326 0.000000
1692799842231251531 144.758766 0.000000
1692799842520758397 144.716723 0.000000
1692799842665556896 144.772824 0.000000
1692799842701076295 144.638821 0.000000
1692799842883340665 144.680575 0.000000
1692799842955755678 144.576722 0.000000
1692799843100884897 144.790274 0.000000
1692799843317949621 144.713074 0.000000
1692799843607161841 144.418342 0.000000
1692799843679798450 144.416678 0.000000
1692799843896876998 144.804820 0.000000
1692799844041911049 144.815352 0.000000
1692799844041986890 144.909577 0.000000
1692799844042039433 144.619626 0.000000
1692799844186992350 144.938854 0.000000
1692799844258753221 144.678855 0.000000
1692799844259060386 144.497453 0.000000
1692799844331627654 144.618640 0.000000
1692799844476776377 144.494274 0.000000
1692799844548528241 144.598236 0.000000
1692799844584009586 144.581848 0.000000
1692799844621546679 144.557973 0.000000
1692799844693222501 144.678699 0.000000
1692799844693342375 144.484526 0.000000
1692799844693786209 144.607689 0.000000
1692799844838255190 144.483776 0.000000
1692799844910593665 144.537455 0.000000
1692799844983010417 144.741094 0.000000
1692799845128682494 144.513308 0.000000
1692799845128847643 144.594784 0.000000
1692799845162417186 144.438094 0.000000
1692799845307063586 144.628783 0.000000
1692799845307910783 144.633344 0.000000
1692799845378705282 144.539921 0.000000
1692799845417521916 144.489884 0.000000
1692799845489945359 144.426421 0.000000
1692799845491005302 144.607974 0.000000
1692799845635797570 144.614204 0.000000
1692799845669400126 144.482418 0.000000
1692799845706689752 144.666405 0.000000
1692799845706937925 144.508532 0.000000
1692799845708133384 144.536610 0.000000
1692799845779423437 144.549964 0.000000
1692799845996338859 144.492010 0.000000
1692799846068991351 144.437724 0.000000
1692799846102398566 144.602862 0.000000
1692799846141235035 144.526846 0.000000
1692799846247066394 144.643777 0.000000
1692799846285724628 144.653615 0.000000
1692799846431100480 144.626192 0.000000
1692799846432031143 144.574088 0.000000
1692799846502840912 144.645356 0.000000
1692799846504500999 144.545429 0.000000
1692799846537405844 144.459619 0.000000
1692799846576765070 144.503380 0.000000
1692799846647403516 144.546950 0.000000
1692799846826475938 144.456584 0.000000
1692799846865253418 144.448394 0.000000
1692799846865794851 144.473354 0.000000
1692799847009512536 144.610777 0.000000
1692799847082004553 144.625911 0.000000
1692799847443927489 144.803675 0.000000
1692799847516532289 144.811839 0.000000
1692799847662677509 144.588589 0.000000
1692799848024035539 144.970779 0.000000
1692799848168501663 144.626643 0.000000
1692799848168537672 144.641758 0.000000
1692799848202526206 144.966460 0.000000
1692799848419707537 144.733822 0.000000
1692799848603352185 144.741646 0.000000
1692799848747996941 144.656277 0.000000
1692799848748024169 144.663494 0.000000
1692799848748302312 144.740488 0.000000
1692799848853764111 144.480547 0.000000
1692799848892812919 144.991201 0.000000
1692799848892888046 144.802458 0.000000
1692799848998408164 144.618619 0.000000
1692799849182541190 144.585516 0.000000
1692799849472055538 144.715927 0.000000
1692799849472159836 144.583347 0.000000
1692799849544770733 144.638001 0.000000
1692799849616971048 144.758469 0.000000
1692799849762262720 144.494280 0.000000
1692799849834488511 144.816027 0.000000
1692799849834758585 144.843868 0.000000
1692799849835268608 144.492561 0.000000
1692799849907252042 144.603293 0.000000
1692799850052222013 144.784359 0.000000
1692799850124455063 144.763446 0.000000
1692799850196585278 144.764008 0.000000
1692799850228941726 144.409083 0.000000
1692799850268743092 144.426847 0.000000
1692799850342189577 144.542912 0.000000
1692799850342242856 144.604972 0.000000
1692799850486314135 144.547949 0.000000
1692799850558268685 144.580826 0.000000
1692799850630455360 144.450610 0.000000
1692799850776471681 144.711995 0.000000
1692799850848210569 144.457832 0.000000
1692799850992761094 144.818760 0.000000
1692799851065067219 144.596743 0.000000
1692799851137512307 144.730088 0.000000
1692799851137812621 144.485007 0.000000
1692799851210294094 144.756399 0.000000
1692799851210542713 144.797455 0.000000
1692799851282157717 144.625012 0.000000
1692799851571999738 144.691218 0.000000
1692799851572930997 144.785472 0.000000
1692799851645294084 144.864737 0.000000
1692799851862738152 144.758840 0.000000
1692799851934172882 144.639211 0.000000
1692799851966531244 144.648759 0.000000
1692799851966534025 144.554885 0.000000
1692799852255970817 144.637207 0.000000
1692799852256010575 144.617247 0.000000
1692799852400711666 144.507430 0.000000
1692799852585879011 144.761011 0.000000
1692799852586214552 144.752787 0.000000
1692799852658598222 144.428817 0.000000
1692799852804018177 144.619792 0.000000
1692799852980098314 144.577077 0.000000
1692799853020974378 144.517799 0.000000
1692799853165891742 144.620774 0.000000
1692799853237898304 144.591616 0.000000
1692799853237994949 144.707305 0.000000
1692799853310158151 144.792799 0.000000
1692799853527287425 144.590138 0.000000
1692799853599891373 144.758269 0.000000
1692799853744525182 144.770076 0.000000
1692799853744577859 144.682162 0.000000
1692799853922077603 144.464049 0.000000
1692799853961791399 144.699507 0.000000
1692799853993866527 144.536637 0.000000
1692799854106586439 144.710653 0.000000
1692799854179178660 144.578766 0.000000
1692799854179225779 145.024378 0.000000
1692799854251472706 144.869593 0.000000
1692799854323915108 144.682608 0.000000
1692799854468791606 144.840485 0.000000
1692799854468822142 144.523673 0.000000
1692799854500250785 144.567088 0.000000
1692799854685998527 144.596241 0.000000
1692799854758868859 144.715924 0.000000
1692799854789857217 144.642720 0.000000
1692799854831569813 144.575647 0.000000
1692799854831596560 144.617185 0.000000
1692799854904108850 144.628181 0.000000
1692799854934519812 144.597363 0.000000
1692799855193309882 144.579102 0.000000
1692799855193639585 144.534156 0.000000
1692799855296161382 144.572797 0.000000
1692799855338103093 144.780305 0.000000
1692799855338470163 144.517173 0.000000
1692799855368451920 144.555290 0.000000
1692799855411420703 145.205415 0.000000
1692799855483740283 144.927592 0.000000
1692799855556322310 144.917309 0.000000
1692799855700326548 144.671858 0.000000
1692799855700752109 144.469817 0.000000
1692799855845951524 144.594252 0.000000
1692799855874901710 144.490515 0.000000
1692799855990452945 144.842039 0.000000
1692799856135460689 144.951317 0.000000
1692799856164607017 144.674163 0.000000
1692799856280868897 144.645146 0.000000
1692799856309194978 144.568873 0.000000
1692799856352720914 144.488801 0.000000
1692799856425701047 144.550509 0.000000
1692799856497325604 144.792087 0.000000
1692799856526366566 144.545895 0.000000
1692799856642306076 144.896511 0.000000
1692799856643022780 144.696310 0.000000
1692799856643224389 144.818544 0.000000
1692799856815811341 144.581412 0.000000
1692799856932850266 144.726926 0.000000
1692799857366062471 144.600100 0.000000
1692799857394921520 144.701321 0.000000
1692799857439378663 144.480166 0.000000
1692799857583704113 144.750114 0.000000
1692799857583965748 144.570952 0.000000
1692799857801025875 144.727071 0.000000
1692799857829435141 144.624016 0.000000
1692799857946587721 144.724465 0.000000
1692799858235871180 144.512296 0.000000
1692799858308299699 144.508737 0.000000
1692799858380332095 144.628897 0.000000
1692799858453048746 144.839598 0.000000
1692799858453090999 144.754440 0.000000
1692799858480765709 144.593570 0.000000
1692799858598009300 144.952886 0.000000
1692799858960200144 144.618748 0.000000
1692799858987713363 144.698365 0.000000
1692799859060179169 144.597769 0.000000
1692799859105015169 144.786325 0.000000
1692799859395451157 144.872219 0.000000
1692799859566255616 144.514147 0.000000
1692799859612885888 144.510747 0.000000
1692799859685451801 144.518806 0.000000
1692799859902717868 144.819716 0.000000
1692799859974956887 144.582789 0.000000
1692799860192359953 144.537925 0.000000
1692799860336685548 144.706347 0.000000
1692799860409051614 144.893707 0.000000
1692799860434816896 144.712307 0.000000
1692799860554210694 144.532848 0.000000
1692799860796730062 144.737229 0.000000
1692799860843707846 144.677255 0.000000
1692799860989478918 144.702964 0.000000
1692799861133597596 144.737189 0.000000
1692799861134126849 144.699571 0.000000
1692799861231229936 144.540782 0.000000
1692799861568045038 144.683184 0.000000
1692799861713620605 144.519833 0.000000
1692799861713739301 144.517998 0.000000
1692799861738039117 144.637061 0.000000
1692799861857618226 144.652036 0.000000
1692799861882714893 144.658901 0.000000
1692799861882720315 144.515297 0.000000
1692799862075480833 144.618577 0.000000
1692799862076368721 144.527260 0.000000
1692799862148291868 144.528022 0.000000
1692799862220837735 144.462439 0.000000
1692799862221146970 144.802816 0.000000
1692799862244278435 144.596105 0.000000
1692799862365780177 144.609848 0.000000
1692799862438280890 144.532191 0.000000
1692799862510759730 144.601358 0.000000
1692799862582101429 144.743634 0.000000
1692799862582101394 144.704453 0.000000
1692799862583133006 144.510060 0.000000
1692799862727749188 144.647410 0.000000
1692799862823625724 144.654526 0.000000
1692799862871834469 144.681204 0.000000
1692799862895913170 144.534066 0.000000
1692799862945111931 144.784775 0.000000
1692799863089731962 144.691081 0.000000
1692799863089872424 144.753231 0.000000
1692799863090051200 144.743479 0.000000
1692799863113033362 144.646398 0.000000
1692799863234820509 144.579962 0.000000
1692799863257656330 144.598756 0.000000
1692799863306691145 144.623707 0.000000
1692799863306786628 144.598447 0.000000
1692799863307404997 144.556633 0.000000
1692799863524041592 144.877606 0.000000
1692799863524095428 144.710422 0.000000
1692799863547202817 144.647898 0.000000
1692799863741144289 144.699250 0.000000
1692799863741375638 144.571588 0.000000
1692799863813882409 144.651700 0.000000
1692799863981402991 144.529309 0.000000
1692799864126182013 144.618317 0.000000
1692799864176092521 144.785777 0.000000
1692799864248500232 144.778314 0.000000
1692799864321224349 144.574160 0.000000
1692799864465867780 144.775884 0.000000
1692799864466286360 144.602365 0.000000
1692799864610898974 144.916236 0.000000
1692799864632919280 144.685213 0.000000
1692799864755749963 144.825404 0.000000
1692799864755836088 144.874875 0.000000
1692799864756561844 144.860947 0.000000
1692799864828479347 144.777032 0.000000
1692799864900551467 144.774656 0.000000
1692799864900642955 144.734693 0.000000
1692799865045729131 144.681996 0.000000
1692799865212013660 144.575999 0.000000
1692799865263215582 144.717709 0.000000
1692799865407843130 144.695100 0.000000
1692799865552582183 144.718095 0.000000
1692799865770756861 144.644443 0.000000
1692799865915036459 144.749488 0.000000
1692799866132860019 144.974256 0.000000
1692799866278059920 145.135547 0.000000
1692799866298141076 144.571818 0.000000
1692799866350407445 144.854737 0.000000
1692799866350687718 144.691135 0.000000
1692799866495512030 144.547397 0.000000
1692799866567858363 144.754364 0.000000
1692799866568072096 144.671877 0.000000
1692799866784764436 144.767805 0.000000
1692799867003515581 144.910177 0.000000
1692799867147092323 144.739947 0.000000
1692799867148076169 144.604955 0.000000
1692799867239097783 144.517854 0.000000
1692799867291796344 144.871155 0.000000
1692799867436819083 144.758364 0.000000
1692799867437325532 144.400626 0.000000
1692799867654496116 144.883746 0.000000
1692799867654555895 144.830341 0.000000
1692799867654980013 144.537985 0.000000
1692799867872297866 144.663703 0.000000
1692799867944253874 144.771559 0.000000
1692799868090525497 145.074921 0.000000
1692799868162737185 144.870048 0.000000
1692799868252222684 144.487775 0.000000
1692799868451119941 144.688878 0.000000
1692799868452070023 144.502101 0.000000
1692799868523501455 144.560428 0.000000
1692799868523653830 144.578795 0.000000
1692799868541609185 144.607746 0.000000
1692799868668459203 144.798938 0.000000
1692799868668937441 144.551342 0.000000
1692799868669315617 144.604450 0.000000
1692799868686590552 144.429793 0.000000
1692799868740662031 144.683669 0.000000
1692799868741333038 144.571723 0.000000
1692799868831046195 144.615836 0.000000
1692799868886155035 144.492694 0.000000
1692799868886282612 144.543548 0.000000
1692799868958126840 144.489291 0.000000
1692799868958559452 144.614037 0.000000
1692799868975871850 144.613927 0.000000
1692799869048222833 144.728772 0.000000
1692799869103489190 144.708733 0.000000
1692799869175529289 144.919859 0.000000
1692799869175563815 144.884903 0.000000
1692799869247572431 144.499565 0.000000
1692799869465956766 144.642037 0.000000
1692799869555330994 144.824216 0.000000
1692799869609121293 144.551106 0.000000
1692799869683363365 144.581005 0.000000
1692799869899073653 144.706482 0.000000
1692799869971709575 144.889779 0.000000
1692799869989373687 144.534211 0.000000
1692799870117031736 144.567664 0.000000
1692799870133872741 144.370124 0.000000
1692799870188618685 144.617881 0.000000
1692799870188944533 144.553621 0.000000
1692799870262459959 144.565454 0.000000
1692799870278411918 144.565588 0.000000
1692799870333867585 144.686661 0.000000
1692799870406692271 144.414060 0.000000
1692799870768842734 144.618577 0.000000
1692799870840620868 144.651304 0.000000
1692799871058421795 144.495896 0.000000
1692799871058719047 144.452359 0.000000
1692799871147409518 144.478430 0.000000
1692799871348656844 145.059233 0.000000
1692799871421254094 144.921135 0.000000
1692799871783191482 144.729671 0.000000
1692799871854652147 144.563648 0.000000
1692799871927231698 144.663783 0.000000
1692799871943613448 144.494719 0.000000
1692799872072256952 145.010345 0.000000
1692799872073301590 144.593323 0.000000
1692799872144531277 144.651283 0.000000
1692799872289310533 144.754103 0.000000
1692799872361904528 144.647420 0.000000
1692799872435688087 144.677374 0.000000
1692799872506820898 144.796988 0.000000
1692799872508208775 144.681203 0.000000
1692799872523225542 144.644909 0.000000
1692799872941775224 144.778300 0.000000
1692799872942152437 144.457057 0.000000
1692799873015029375 144.706247 0.000000
1692799873158883317 144.699631 0.000000
1692799873304561241 144.697997 0.000000
1692799873448537161 144.701626 0.000000
1692799873536923243 144.695915 0.000000
1692799873594622084 144.533630 0.000000
1692799873666423828 144.550575 0.000000
1692799873739393824 144.420314 0.000000
1692799873739589578 144.533632 0.000000
1692799873882723127 144.771644 0.000000
1692799873883751858 144.500452 0.000000
1692799873954998730 144.502516 0.000000
1692799874028513488 144.409685 0.000000
1692799874101193187 144.519662 0.000000
1692799874244744384 144.614412 0.000000
1692799874318231167 144.444296 0.000000
1692799874390638351 144.866725 0.000000
1692799874463059919 144.523872 0.000000
1692799874536075319 145.045281 0.000000
1692799874608187992 144.979974 0.000000
1692799874984579735 144.670763 0.000000
1692799875115267635 144.524929 0.000000
1692799875186383868 144.590457 0.000000
1692799875332335254 144.661417 0.000000
1692799875548987891 144.439074 0.000000
1692799875549522831 144.666118 0.000000
1692799875621930802 144.708808 0.000000
1692799875839438205 144.592330 0.000000
1692799875912069060 144.548954 0.000000
1692799876055776851 144.460183 0.000000
1692799876215006600 144.594527 0.000000
1692799876287525975 144.593860 0.000000
1692799876344367369 144.678617 0.000000
1692799876417444153 144.546709 0.000000
1692799876489811278 144.552277 0.000000
1692799876491277849 144.557891 0.000000
1692799876563686106 144.754043 0.000000
1692799877156008970 144.593168 0.000000
1692799877214374648 144.615665 0.000000
1692799877373176065 144.584809 0.000000
1692799877432030892 144.605557 0.000000
1692799877432267428 144.684159 0.000000
1692799877504186265 144.786899 0.000000
1692799877662652912 144.572274 0.000000
1692799877735088467 144.558547 0.000000
1692799877794671551 144.639039 0.000000
1692799877794751768 144.678797 0.000000
1692799877795047025 144.942897 0.000000
1692799877867305287 144.926028 0.000000
1692799878011521352 144.749521 0.000000
1692799878012270436 144.688547 0.000000
1692799878156328032 144.651123 0.000000
1692799878229293075 144.556989 0.000000
1692799878301123531 144.785450 0.000000
1692799878373526150 144.627292 0.000000
1692799878373567877 144.630590 0.000000
1692799878374511675 144.486510 0.000000
1692799878591705276 144.525876 0.000000
1692799878675487626 144.617510 0.000000
1692799878808898221 145.002682 0.000000
1692799878965060346 144.720755 0.000000
1692799879026166377 144.532762 0.000000
1692799879170911965 144.705480 0.000000
1692799879387343687 144.641175 0.000000
1692799879460324592 144.654576 0.000000
1692799879604724515 144.697536 0.000000
1692799879678248655 144.637546 0.000000
1692799879966793130 144.683673 0.000000
1692799880039360202 144.753967 0.000000
1692799880039679896 144.724780 0.000000
1692799880050866012 144.694224 0.000000
1692799880112107874 144.588823 0.000000
1692799880112176163 144.636759 0.000000
1692799880256877377 144.728713 0.000000
1692799880401713935 144.622432 0.000000
1692799880474173678 144.890500 0.000000
1692799880474720596 144.523852 0.000000
1692799880836273506 144.662390 0.000000
1692799880919333613 144.515542 0.000000
1692799880982531270 145.018599 0.000000
1692799881271891109 144.494267 0.000000
1692799881343332996 144.789320 0.000000
1692799881353723232 144.595789 0.000000
1692799881489182895 144.517641 0.000000
1692799881561453962 144.740335 0.000000
1692799881778670872 144.689633 0.000000
1692799881850822897 144.823975 0.000000
1692799881996250698 144.698202 0.000000
1692799882068624700 144.668122 0.000000
1692799882141171123 144.789309 0.000000
1692799882213302986 144.922855 0.000000
1692799882576171835 144.895938 0.000000
1692799882720687422 144.497014 0.000000
1692799882720992702 144.480104 0.000000
1692799882793366163 144.496598 0.000000
1692799882937251467 144.612949 0.000000
1692799883009950877 144.519857 0.000000
1692799883010201180 144.511638 0.000000
1692799883090662670 144.615905 0.000000
1692799883227276630 144.527980 0.000000
1692799883372020178 144.422039 0.000000
1692799883525063344 144.620521 0.000000
1692799883662676943 144.694824 0.000000
1692799883814561315 144.586387 0.000000
1692799883879671771 144.826025 0.000000
1692799883952345621 144.803367 0.000000
1692799883952487902 144.562010 0.000000
1692799884025431490 144.677413 0.000000
1692799884097426063 144.663376 0.000000
1692799884242628620 145.233659 0.000000
1692799884387618992 144.864680 0.000000
1692799884387837581 144.841737 0.000000
1692799884532514619 144.926608 0.000000
1692799884532639951 144.840583 0.000000
1692799884532952534 144.862580 0.000000
1692799884604795689 144.762607 0.000000
1692799884822555719 144.938752 0.000000
1692799884895033843 145.008595 0.000000
1692799885112784462 144.820733 0.000000
1692799885117174816 144.378468 0.000000
1692799885330164858 144.790808 0.000000
1692799885402783003 144.612858 0.000000
1692799885547754732 144.579471 0.000000
1692799885619605661 144.727029 0.000000
1692799885623159041 144.396289 0.000000
1692799885837038975 144.613775 0.000000
1692799885908892484 144.637150 0.000000
1692799885908952825 144.659066 0.000000
1692799885909605520 144.484885 0.000000
1692799886053814432 144.545336 0.000000
1692799886126528867 144.814117 0.000000
1692799886126575435 144.664228 0.000000
1692799886271439418 144.592004 0.000000
1692799886344662251 144.562300 0.000000
1692799886417075394 144.631862 0.000000
1692799886489016302 145.161962 0.000000
1692799886561453736 144.432593 0.000000
1692799886705634538 144.619419 0.000000
1692799886853266402 144.537062 0.000000
1692799887068496801 144.840845 0.000000
1692799887068717906 144.706235 0.000000
1692799887140558741 144.700513 0.000000
1692799887140816181 144.688520 0.000000
1692799887285831731 144.577456 0.000000
1692799887431550425 144.504822 0.000000
1692799887576484210 145.061779 0.000000
1692799887938916392 144.785846 0.000000
1692799888156063499 144.653257 0.000000
1692799888228491824 144.654621 0.000000
1692799888299964327 144.709641 0.000000
1692799888300515599 144.769727 0.000000
1692799888445577082 144.638173 0.000000
1692799888517108961 144.689101 0.000000
1692799888517967175 144.483868 0.000000
1692799888517999445 144.474163 0.000000
1692799888590296126 144.797913 0.000000
1692799888662418857 144.587632 0.000000
1692799888807207635 144.913769 0.000000
1692799888952210762 144.776694 0.000000
1692799889096712636 144.571477 0.000000
1692799889169489672 144.496016 0.000000
1692799889241596351 144.548077 0.000000
1692799889242552192 144.577982 0.000000
1692799889314086637 144.603170 0.000000
1692799889386972315 144.727405 0.000000
1692799889387116837 144.592405 0.000000
1692799889458825208 144.661507 0.000000
1692799889531642738 144.682952 0.000000
1692799889821069893 144.663817 0.000000
1692799889821765774 144.771768 0.000000
1692799889893902071 144.924964 0.000000
1692799889894184884 145.238174 0.000000
1692799889965682801 144.588025 0.000000
1692799890255920513 144.467474 0.000000
1692799890256917195 144.677158 0.000000
1692799890329106155 144.453091 0.000000
1692799890473167910 144.787349 0.000000
1692799890618520646 144.839782 0.000000
1692799890618732429 144.437635 0.000000
1692799890835280075 144.749968 0.000000
1692799890835538227 144.496633 0.000000
1692799890835820238 144.575111 0.000000
1692799891052807599 144.948564 0.000000
1692799891053730909 145.328184 0.000000
1692799891197886141 144.652525 0.000000
1692799891198659787 144.553479 0.000000
1692799891271511983 144.625352 0.000000
1692799891343721682 144.763203 0.000000
1692799891488713532 144.584236 0.000000
1692799891705823167 144.493961 0.000000
1692799891777602554 144.969514 0.000000
1692799891778505717 144.729825 0.000000
1692799891778544778 144.747186 0.000000
1692799891850253961 144.633060 0.000000
1692799891921998827 144.759644 0.000000
1692799891923089808 144.675689 0.000000
1692799892067446459 144.716244 0.000000
1692799892067717991 144.573011 0.000000
1692799892212690251 144.889241 0.000000
1692799892285672469 145.281656 0.000000
1692799892791239736 144.674907 0.000000
1692799892792638909 144.637736 0.000000
1692799892937359168 144.472577 0.000000
1692799893226234597 144.566725 0.000000
1692799893298623734 144.813971 0.000000
1692799893300007732 144.553895 0.000000
1692799893515866694 144.835160 0.000000
1692799893662159078 144.892484 0.000000
1692799893662270463 144.984759 0.000000
1692799893733155276 144.800896 0.000000
1692799894240861639 144.782889 0.000000
1692799894314065107 144.681518 0.000000
1692799894385524944 144.648060 0.000000
1692799894385645114 144.621598 0.000000
1692799894530658838 144.604514 0.000000
1692799894530852340 144.761996 0.000000
1692799894530871699 144.798466 0.000000
1692799894531159202 144.629318 0.000000
1692799894603650275 144.647338 0.000000
1692799894675605491 144.749631 0.000000
1692799894676051394 144.509437 0.000000
1692799894748366884 144.738666 0.000000
1692799894893284722 144.609270 0.000000
1692799894966298854 144.593417 0.000000
1692799895038478623 145.022787 0.000000
1692799895110319753 144.612060 0.000000
1692799895183072186 144.578021 0.000000
1692799895183192120 144.579419 0.000000
1692799895183384744 144.421146 0.000000
1692799895400888473 144.587865 0.000000
1692799895472741434 144.727013 0.000000
1692799895544703175 144.694273 0.000000
1692799895545223537 144.630424 0.000000
1692799895618136107 144.824420 0.000000
1692799895618171089 144.836679 0.000000
1692799895689552644 144.823763 0.000000
1692799895690065192 144.601491 0.000000
1692799895834736682 144.532601 0.000000
1692799895835390800 144.711493 0.000000
1692799895907549991 144.907393 0.000000
1692799895908126724 144.848832 0.000000
1692799896053392332 144.898763 0.000000
1692799896125269431 144.565693 0.000000
1692799896414752150 144.579039 0.000000
1692799896632251402 144.723591 0.000000
1692799896632410863 144.640397 0.000000
1692799896704514650 144.538364 0.000000
1692799896777714108 145.022998 0.000000
1692799896994434672 144.555308 0.000000
1692799897285369347 145.488477 0.000000
1692799897429011374 144.560701 0.000000
1692799897574606574 144.547055 0.000000
1692799897646068717 144.575045 0.000000
1692799897647688604 144.427802 0.000000
1692799897718246781 144.867611 0.000000
1692799897718278520 144.790943 0.000000
1692799897718573547 144.566821 0.000000
1692799897863831763 144.545230 0.000000
1692799897935573447 144.765753 0.000000
1692799898008192784 144.873309 0.000000
1692799898008284863 144.800044 0.000000
1692799898080390114 144.796651 0.000000
1692799898152954213 144.736150 0.000000
1692799898154115141 144.581519 0.000000
1692799898225963589 144.641374 0.000000
1692799898297851507 144.812658 0.000000
1692799898515015609 144.606262 0.000000
1692799898515477339 144.654700 0.000000
1692799898587531355 144.609510 0.000000
1692799898732810234 144.874005 0.000000
1692799898732862776 145.300875 0.000000
1692799898806385172 144.720649 0.000000
1692799899023478944 144.353193 0.000000
1692799899167863956 144.884039 0.000000
1692799899167868181 144.825593 0.000000
1692799899168124879 144.812066 0.000000
1692799899312676644 144.791930 0.000000
1692799899313053552 144.892318 0.000000
1692799899458442462 144.843470 0.000000
1692799899530096165 144.763714 0.000000
1692799899530445528 144.649222 0.000000
1692799899530555094 144.745667 0.000000
1692799899819762857 144.773306 0.000000
1692799899820898271 144.805115 0.000000
1692799900109575714 144.658559 0.000000
1692799900110853776 144.457380 0.000000
1692799900182287497 144.747195 0.000000
1692799900182356197 144.839169 0.000000
1692799900327245513 144.872016 0.000000
1692799900690229202 144.814241 0.000000
1692799900907942763 144.958718 0.000000
1692799900979462650 144.726627 0.000000
1692799901342807399 144.513329 0.000000
1692799901414798755 144.976013 0.000000
1692799901414818060 145.055378 0.000000
1692799901487088093 144.890409 0.000000
1692799901559390347 144.634056 0.000000
1692799901631884614 144.778940 0.000000
1692799901776570611 144.748086 0.000000
1692799901849739052 145.003337 0.000000
1692799901849935044 144.959354 0.000000
1692799902138842838 144.677794 0.000000
1692799902211981600 144.554216 0.000000
1692799902428587441 144.703633 0.000000
1692799902500715043 144.515340 0.000000
1692799902500738853 144.646485 0.000000
1692799902573241424 144.603130 0.000000
1692799902935108327 144.817173 0.000000
1692799903153031952 144.825588 0.000000
1692799903153590863 144.515281 0.000000
1692799903297818683 144.770980 0.000000
1692799903370387388 144.949026 0.000000
1692799904167368413 144.658148 0.000000
1692799904167435409 144.732637 0.000000
1692799904168672285 144.683071 0.000000
1692799904239998686 144.656238 0.000000
1692799904312370892 144.649974 0.000000
1692799904313475976 144.764470 0.000000
1692799904457254546 144.874572 0.000000
1692799904458108149 144.618170 0.000000
1692799904674929426 144.762932 0.000000
1692799904892968940 144.739055 0.000000
1692799905109201743 144.800419 0.000000
1692799905254810133 144.387918 0.000000
1692799905255247301 144.672425 0.000000
1692799905326118002 144.621503 0.000000
1692799905470947382 144.677262 0.000000
1692799905472425084 144.546688 0.000000
1692799905472455620 144.595161 0.000000
1692799905616113749 144.802945 0.000000
1692799905760978382 144.672651 0.000000
1692799905979062541 144.671052 0.000000
1692799906051076288 144.516178 0.000000
1692799906124108782 144.512919 0.000000
1692799906268633960 144.870457 0.000000
1692799906341904684 144.965348 0.000000
1692799906413767740 144.866829 0.000000
1692799906485878528 144.816782 0.000000
1692799906558409159 144.625706 0.000000
1692799906630738035 144.647302 0.000000
1692799906630871771 144.757259 0.000000
1692799906631445913 144.496477 0.000000
1692799906775730586 144.651266 0.000000
1692799906848165168 144.928988 0.000000
1692799907066315811 144.684093 0.000000
1692799907066364845 144.834589 0.000000
1692799907211219305 144.510655 0.000000
1692799907211870737 144.476680 0.000000
1692799907283396372 144.495318 0.000000
1692799907355580957 144.685035 0.000000
1692799907500814129 144.738179 0.000000
1692799907790378456 144.490712 0.000000
1692799907863265357 144.597316 0.000000
1692799907935960951 144.836172 0.000000
1692799908008207530 144.770599 0.000000
1692799908154217536 145.215520 0.000000
1692799908298785845 144.560521 0.000000
1692799908370105465 144.711907 0.000000
1692799908370448724 144.695824 0.000000
1692799908370492752 144.577675 0.000000
1692799908443824132 145.031848 0.000000
1692799908515093446 144.634753 0.000000
1692799908516288168 145.015560 0.000000
1692799908516447484 144.496912 0.000000
1692799908878504538 144.533321 0.000000
1692799909022428772 144.720247 0.000000
1692799909022936885 144.621542 0.000000
1692799909312841370 144.994797 0.000000
1692799909313034715 144.661761 0.000000
1692799909602430139 144.833716 0.000000
1692799909820166954 144.960127 0.000000
1692799909820462201 145.049715 0.000000
1692799909892248869 144.787830 0.000000
1692799910037094272 144.543270 0.000000
1692799910327829201 144.549890 0.000000
1692799910471438535 144.573014 0.000000
1692799910471779670 144.607374 0.000000
1692799910544235978 144.616907 0.000000
1692799910690229355 144.410997 0.000000
1692799910761488822 144.686799 0.000000
1692799910833963445 144.550837 0.000000
1692799910835218818 144.613608 0.000000
1692799910906412255 144.656954 0.000000
1692799910906590700 144.748050 0.000000
1692799911051237210 144.631920 0.000000
1692799911123927212 144.644729 0.000000
1692799911196349425 145.056045 0.000000
1692799911269172582 144.909193 0.000000
1692799911488022739 145.342180 0.000000
1692799911631129769 144.767892 0.000000
1692799911632378462 144.541591 0.000000
1692799911632432768 144.470931 0.000000
1692799911705228276 144.576663 0.000000
1692799911921173783 144.650535 0.000000
1692799911922058624 144.986166 0.000000
1692799911993917059 144.556776 0.000000
1692799911994577708 144.622806 0.000000
1692799911994934183 144.578913 0.000000
1692799912065759206 144.467367 0.000000
1692799912139657036 144.703859 0.000000
1692799912210406413 144.754306 0.000000
1692799912355320281 144.889807 0.000000
1692799912357169958 145.187094 0.000000
1692799912429698584 144.465423 0.000000
1692799912500766147 144.559367 0.000000
1692799912573504066 144.992246 0.000000
1692799912646138904 144.849969 0.000000
1692799912863157280 144.494421 0.000000
1692799912935981554 144.693549 0.000000
1692799913153201499 144.579674 0.000000
1692799913225413472 144.538769 0.000000
1692799913225533778 144.538980 0.000000
1692799913297605796 144.573886 0.000000
1692799913593752451 144.889165 0.000000
1692799913593787984 144.940660 0.000000
1692799913593826439 144.891215 0.000000
1692799913811037533 144.633560 0.000000
1692799913883797693 144.413719 0.000000
1692799913955980028 144.468296 0.000000
1692799914028876760 145.183090 0.000000
1692799914101357845 145.147692 0.000000
1692799914245822046 144.583940 0.000000
1692799914317785892 144.598173 0.000000
1692799914390029384 144.742088 0.000000
1692799914462643398 144.841394 0.000000
1692799914534982307 144.801707 0.000000
1692799914607315237 144.663926 0.000000
1692799914681045722 144.584140 0.000000
1692799914681492818 144.366122 0.000000
1692799914825091849 144.463920 0.000000
1692799914825274810 144.547780 0.000000
1692799914897005487 144.761969 0.000000
1692799914897095261 144.779460 0.000000
1692799914898307675 144.683736 0.000000
1692799914970583577 144.650905 0.000000
1692799915042015564 144.604692 0.000000
1692799915043065063 144.653311 0.000000
1692799915186739233 144.708364 0.000000
1692799915259496587 144.662482 0.000000
1692799915331989154 144.917606 0.000000
1692799915694643323 144.770769 0.000000
1692799915766418214 144.676234 0.000000
1692799915767806321 144.932050 0.000000
1692799915985091869 144.441948 0.000000
1692799916056507423 144.546221 0.000000
1692799916201878590 145.057512 0.000000
1692799916274408278 144.613338 0.000000
1692799916274707059 144.581664 0.000000
1692799916274735511 144.525428 0.000000
1692799916420203073 144.483315 0.000000
1692799916564089192 144.508499 0.000000
1692799916709141482 144.418800 0.000000
1692799916782473453 145.043104 0.000000
1692799916998645899 144.796088 0.000000
1692799916999122519 144.658949 0.000000
1692799917071801254 144.944358 0.000000
1692799917143390798 144.661013 0.000000
1692799917143733145 144.723764 0.000000
1692799917144418947 144.563865 0.000000
1692799917216254965 144.495213 0.000000
1692799917288989219 144.582200 0.000000
1692799917289489279 144.649883 0.000000
1692799917362053357 145.534347 0.000000
1692799917650869611 144.989459 0.000000
1692799917795981630 145.087397 0.000000
1692799917869606314 144.756226 0.000000
1692799918012887419 144.534479 0.000000
1692799918158131195 144.457565 0.000000
1692799918230851627 144.572412 0.000000
1692799918302566558 144.654253 0.000000
1692799918447554798 144.702464 0.000000
1692799918447998421 144.845995 0.000000
1692799918448103711 144.965884 0.000000
1692799918521660702 144.534123 0.000000
1692799918592725153 144.764830 0.000000
1692799918594742310 144.906396 0.000000
1692799918666788883 144.460136 0.000000
1692799918738042079 144.470169 0.000000
1692799918811362043 144.362308 0.000000
1692799918882144577 144.813338 0.000000
1692799919028348714 144.641383 0.000000
1692799919100046716 144.649898 0.000000
1692799919100247283 144.591762 0.000000
1692799919173451001 144.683266 0.000000
1692799919245886369 144.466821 0.000000
1692799919318631526 144.717685 0.000000
1692799919389640204 144.570921 0.000000
1692799919534963310 144.930671 0.000000
1692799919752812841 144.806071 0.000000
1692799919824305474 144.567706 0.000000
1692799919898007753 144.757869 0.000000
1692799920186556098 144.598787 0.000000
1692799920187428249 144.498103 0.000000
1692799920259025080 144.715534 0.000000
1692799920331354361 144.628558 0.000000
1692799920404662533 144.612912 0.000000
1692799920477447901 144.847198 0.000000
1692799920622617299 144.931112 0.000000
1692799920694082117 144.617111 0.000000
1692799920766361226 144.642234 0.000000
1692799920766391221 144.509766 0.000000
1692799920983374845 144.782950 0.000000
1692799920984014400 144.678334 0.000000
1692799921273976943 144.562453 0.000000
1692799921345307103 144.671227 0.000000
1692799921346544580 144.776483 0.000000
1692799921418074239 144.547604 0.000000
1692799921418855784 144.860222 0.000000
1692799921418954414 144.700040 0.000000
1692799921490610257 144.875613 0.000000
1692799921563333080 144.820064 0.000000
1692799921853359802 144.569365 0.000000
1692799921925701643 144.978373 0.000000
1692799921997842466 144.653376 0.000000
1692799922286645819 144.616926 0.000000
1692799922288927448 144.700626 0.000000
1692799922433230873 144.551563 0.000000
1692799922504633617 144.560880 0.000000
1692799922504694268 144.545490 0.000000
1692799922578048782 144.814094 0.000000
1692799922650625941 144.531883 0.000000
1692799922722990109 144.761177 0.000000
1692799922793218252 144.622719 0.000000
1692799923084763566 144.606391 0.000000
1692799923229931976 144.489664 0.000000
1692799923374577874 144.805314 0.000000
1692799923517381106 144.657626 0.000000
1692799923519550458 144.700289 0.000000
1692799923519751241 144.776297 0.000000
1692799923591753771 144.509737 0.000000
1692799923737213820 144.705868 0.000000
1692799923809307192 144.456638 0.000000
1692799923953237108 144.414283 0.000000
1692799924026121176 144.537896 0.000000
1692799924026168371 144.491143 0.000000
1692799924098537936 144.573529 0.000000
1692799924242790614 144.489675 0.000000
1692799924243264983 144.685366 0.000000
1692799924314116227 144.756154 0.000000
1692799924460183410 144.592704 0.000000
1692799924460292965 144.679000 0.000000
1692799924460363018 144.619927 0.000000
1692799924533174658 145.633833 0.000000
1692799924604829128 144.517840 0.000000
1692799924676781637 144.711942 0.000000
1692799924677643649 144.800859 0.000000
1692799924748702427 144.548737 0.000000
1692799924893332628 144.659580 0.000000
1692799924893430020 144.663970 0.000000
1692799924893948648 144.484657 0.000000
1692799924966379731 144.464344 0.000000
1692799925040674916 144.579899 0.000000
1692799925111404662 144.449380 0.000000
1692799925183500475 144.803816 0.000000
1692799925257700462 144.629701 0.000000
1692799925400764947 144.690036 0.000000
1692799925400975929 144.635113 0.000000
1692799925545552455 144.781324 0.000000
1692799925619093584 144.869434 0.000000
1692799925837031871 144.919279 0.000000
1692799926125974875 144.583668 0.000000
1692799926270554854 144.939090 0.000000
1692799926270728543 145.091486 0.000000
1692799926415513911 144.648199 0.000000
1692799926415664933 144.463668 0.000000
1692799926415821147 144.640716 0.000000
1692799926487350260 144.679571 0.000000
1692799926559659048 144.684236 0.000000
1692799926704791043 144.437995 0.000000
1692799926849366467 144.616344 0.000000
1692799926921511920 144.665895 0.000000
1692799926922110564 144.510799 0.000000
1692799926994127213 144.531637 0.000000
1692799927211250386 144.634161 0.000000
1692799927211676669 144.516539 0.000000
1692799927283978281 144.710188 0.000000
1692799927285624880 144.692918 0.000000
1692799927503029394 144.635118 0.000000
1692799927575567066 144.668486 0.000000
1692799927646652841 144.656869 0.000000
1692799927718060185 144.528354 0.000000
1692799927719285724 144.742312 0.000000
1692799927792938451 144.611390 0.000000
1692799927864032307 144.472248 0.000000
1692799927936333864 144.748765 0.000000
1692799928007884476 144.713084 0.000000
1692799928152977756 145.029378 0.000000
1692799928298512098 144.618430 0.000000
1692799928299627375 144.598698 0.000000
1692799928443746436 145.180883 0.000000
1692799928516424114 144.434080 0.000000
1692799928589288461 145.075859 0.000000
1692799928806725140 144.537490 0.000000
1692799928879856629 144.813143 0.000000
1692799929168171996 144.625505 0.000000
1692799929385777763 144.432891 0.000000
1692799929675297725 144.668330 0.000000
1692799929676181764 144.692095 0.000000
1692799929676251040 144.689294 0.000000
1692799929821221148 144.865715 0.000000
1692799930111735260 144.523593 0.000000
1692799930329130397 144.564173 0.000000
1692799930472438825 144.724446 0.000000
1692799930545459813 144.649071 0.000000
1692799930545587320 144.498049 0.000000
1692799930617191847 144.728190 0.000000
1692799930689751179 144.656387 0.000000
1692799930979501778 144.705607 0.000000
1692799931051917787 144.633318 0.000000
1692799931052150168 144.826488 0.000000
1692799931052892156 144.664747 0.000000
1692799931197020503 145.041264 0.000000
1692799931197055625 144.824614 0.000000
1692799931269697283 144.758610 0.000000
1692799931414799133 144.548386 0.000000
1692799931486745176 144.630607 0.000000
1692799931559378756 144.565280 0.000000
1692799931704666318 145.112224 0.000000
1692799931776625923 144.779680 0.000000
1692799931849904380 144.877878 0.000000
1692799931922349155 144.505656 0.000000
1692799931995355944 144.911035 0.000000
1692799932068021052 145.124322 0.000000
1692799932284816046 145.134050 0.000000
1692799932357140085 144.883111 0.000000
1692799932500689745 144.563305 0.000000
1692799932502359488 144.601895 0.000000
1692799932573299895 144.701587 0.000000
1692799932574568704 144.812055 0.000000
1692799932575049639 144.973245 0.000000
1692799932575192868 144.836807 0.000000
1692799932718035697 144.711130 0.000000
1692799932791072992 144.748947 0.000000
1692799932862744351 144.652728 0.000000
1692799932863653779 144.379913 0.000000
1692799933082219577 144.928561 0.000000
1692799933152796207 144.470317 0.000000
1692799933152991115 144.472113 0.000000
1692799933297290270 144.690867 0.000000
1692799933804605435 144.606495 0.000000
1692799933877167318 144.542747 0.000000
1692799933949661277 144.527782 0.000000
1692799934095660566 144.577434 0.000000
1692799934240448350 144.772718 0.000000
1692799934385435777 144.622528 0.000000
1692799934385877747 144.935803 0.000000
1692799934529903570 144.974663 0.000000
1692799934748520196 144.755568 0.000000
1692799934965037128 144.484106 0.000000
1692799934965148893 144.514773 0.000000
1692799935036453293 144.707240 0.000000
1692799935109329212 144.614555 0.000000
1692799935110663348 144.538894 0.000000
1692799935398669319 144.574767 0.000000
1692799935400211791 144.685750 0.000000
1692799935472778901 144.869799 0.000000
1692799935833270231 144.554925 0.000000
1692799935906468781 144.500243 0.000000
1692799935906472284 144.779544 0.000000
1692799936124303071 144.776537 0.000000
1692799936267791227 144.975646 0.000000
1692799936341120487 144.429744 0.000000
1692799936486289583 144.749754 0.000000
1692799936557490997 144.607984 0.000000
1692799936558837623 144.482692 0.000000
1692799936559246685 144.742142 0.000000
1692799936630876062 144.577428 0.000000
1692799936702586301 144.523698 0.000000
1692799936703734971 144.524069 0.000000
1692799936919540776 144.573759 0.000000
1692799936993437202 144.764378 0.000000
1692799937065306461 144.490130 0.000000
1692799937136970538 144.675537 0.000000
1692799937137953337 144.515845 0.000000
1692799937138061850 144.608862 0.000000
1692799937281997353 144.989062 0.000000
1692799937500288440 144.730901 0.000000
1692799937571809178 144.754110 0.000000
1692799937572130271 144.589581 0.000000
1692799937716429110 144.649536 0.000000
1692799937717694111 144.973872 0.000000
1692799938078625506 144.680975 0.000000
1692799938512850091 144.659880 0.000000
1692799938729976090 144.536878 0.000000
1692799938874995457 144.464806 0.000000
1692799938947689999 144.794889 0.000000
1692799938948832254 144.518982 0.000000
1692799938949839745 144.554439 0.000000
1692799939093948697 144.604701 0.000000
1692799939166055675 144.567413 0.000000
1692799939310707903 144.643883 0.000000
1692799939383589390 144.621907 0.000000
1692799939455979287 144.643763 0.000000
1692799939527038249 144.710848 0.000000
1692799939599318331 144.805795 0.000000
1692799939600145727 144.644639 0.000000
1692799939600868741 144.755898 0.000000
1692799939672947313 144.503551 0.000000
1692799939745356335 144.650578 0.000000
1692799940034476961 144.862197 0.000000
1692799940397522759 144.690055 0.000000
1692799940615715182 144.800662 0.000000
1692799940831939000 144.565053 0.000000
1692799940904104279 144.701236 0.000000
1692799941266922648 144.949524 0.000000
1692799941556275289 144.532633 0.000000
1692799941628314865 144.772763 0.000000
1692799941702168786 144.678929 0.000000
1692799941917879871 144.628672 0.000000
1692799941918576498 144.499677 0.000000
1692799941990826900 144.794558 0.000000
1692799942062744482 144.849106 0.000000
1692799942063660866 144.996228 0.000000
1692799942208100067 144.759291 0.000000
1692799942208167078 144.661398 0.000000
1692799942280570958 144.515864 0.000000
1692799942281004698 144.535314 0.000000
1692799942281318874 144.586910 0.000000
1692799942352472191 144.658000 0.000000
1692799942353152120 144.721012 0.000000
1692799942425081049 144.720295 0.000000
1692799942425119909 144.720014 0.000000
1692799942425405138 144.778281 0.000000
1692799942497335295 144.839227 0.000000
1692799942497907823 144.749063 0.000000
1692799942569782239 144.654222 0.000000
1692799942569897502 144.752400 0.000000
1692799942571129381 144.553692 0.000000
1692799942715939842 144.773439 0.000000
1692799942859739308 144.515603 0.000000
1692799942932205573 144.393735 0.000000
1692799942932961699 144.417380 0.000000
1692799943004996238 144.412443 0.000000
1692799943077233746 145.055562 0.000000
1692799943149472886 144.840189 0.000000
1692799943222371583 144.858637 0.000000
1692799943294652601 144.617922 0.000000
1692799943366728492 144.723422 0.000000
1692799943367120560 144.462575 0.000000
1692799943511738592 144.715956 0.000000
1692799943584154705 144.849230 0.000000
1692799943584208616 144.563996 0.000000
1692799943584274685 144.728600 0.000000
1692799943657683504 144.498950 0.000000
1692799943874639703 144.808992 0.000000
1692799943875788273 145.004517 0.000000
1692799943946757637 144.893734 0.000000
1692799944309705286 144.701210 0.000000
1692799944381942076 144.688375 0.000000
1692799944453705670 144.524344 0.000000
1692799944817124973 144.491267 0.000000
1692799944888824687 144.589160 0.000000
1692799945178206025 144.777990 0.000000
1692799945250578055 144.625484 0.000000
1692799945252171441 144.833885 0.000000
1692799945540517547 144.903212 0.000000
1692799945831309871 144.903512 0.000000
1692799945902690091 144.504889 0.000000
1692799945975494083 144.450191 0.000000
1692799946047348527 144.632922 0.000000
1692799946048442049 144.537319 0.000000
1692799946337444835 144.502945 0.000000
1692799946411024092 144.732825 0.000000
1692799946482503368 144.540491 0.000000
1692799946482570218 144.381346 0.000000
1692799946483668231 144.607517 0.000000
1692799946844825786 144.896089 0.000000
1692799946918465473 145.180376 0.000000
1692799946989974118 144.461573 0.000000
1692799946990764458 144.603077 0.000000
1692799947135383418 144.601524 0.000000
1692799947206159376 144.783884 0.000000
1692799947278440239 144.608725 0.000000
1692799947351968376 144.495577 0.000000
1692799947568905335 144.534497 0.000000
1692799947858191335 144.645791 0.000000
1692799947858559357 144.660751 0.000000
1692799948076780070 144.819266 0.000000
1692799948147613908 144.582189 0.000000
1692799948292411098 144.771720 0.000000
1692799948367428564 144.452506 0.000000
1692799948437321531 144.765094 0.000000
1692799948437390386 144.726730 0.000000
1692799948509549490 144.536367 0.000000
1692799948510489574 144.584925 0.000000
1692799948512470042 144.799720 0.000000
1692799948584814077 144.604500 0.000000
1692799948584960899 144.708693 0.000000
1692799948656634507 144.657860 0.000000
1692799949016719524 144.935260 0.000000
1692799949016835319 144.796707 0.000000
1692799949016868632 144.969666 0.000000
1692799949089106059 144.741805 0.000000
1692799949091363272 144.484546 0.000000
1692799949161566615 144.827434 0.000000
1692799949235339983 144.474338 0.000000
1692799949306579782 144.875466 0.000000
1692799949451444108 144.745920 0.000000
1692799949451568397 144.905943 0.000000
1692799949453185588 144.507008 0.000000
1692799949524351320 144.552423 0.000000
1692799949596881127 144.582825 0.000000
1692799950103849617 145.097599 0.000000
1692799950176613945 144.917454 0.000000
1692799950320749002 144.695512 0.000000
1692799950320758269 144.772776 0.000000
1692799950322325012 144.919924 0.000000
1692799950467272422 144.611477 0.000000
1692799950539247708 144.865248 0.000000
1692799950611280047 144.892726 0.000000
1692799950611566163 145.135797 0.000000
1692799950683708258 144.472869 0.000000
1692799950756059991 144.476472 0.000000
1692799950828864217 144.445416 0.000000
1692799950900308782 144.622272 0.000000
1692799950901094913 144.453569 0.000000
1692799950973187858 144.535475 0.000000
1692799951118310195 144.930850 0.000000
1692799951264045699 144.577758 0.000000
1692799951407578253 144.827319 0.000000
1692799951409105530 144.943941 0.000000
1692799951769844649 144.621480 0.000000
1692799951842644160 144.583051 0.000000
1692799951842723289 145.044124 0.000000
1692799951988444821 144.471937 0.000000
1692799952133163111 144.866671 0.000000
1692799952133198759 144.712151 0.000000
1692799952205364093 144.662300 0.000000
1692799952278028745 144.822322 0.000000
1692799952422150691 144.831934 0.000000
1692799952857452418 144.645205 0.000000
1692799952929126537 144.765340 0.000000
1692799953147411064 144.513885 0.000000
1692799953219174046 144.798167 0.000000
1692799953291352455 144.598130 0.000000
1692799953510189082 144.715744 0.000000
1692799953726327285 144.747232 0.000000
1692799953943543829 144.611346 0.000000
1692799954016357407 144.545398 0.000000
1692799954017774077 144.585060 0.000000
1692799954160668199 144.866456 0.000000
1692799954161006211 144.592557 0.000000
1692799954162478585 144.652888 0.000000
1692799954378293776 144.650347 0.000000
1692799954378841035 144.478466 0.000000
1692799954450945432 144.711364 0.000000
1692799954595666754 144.676388 0.000000
1692799954596601205 145.112634 0.000000
1692799954596711402 145.016981 0.000000
1692799954668598738 144.534027 0.000000
1692799954885713891 144.586248 0.000000
1692799954957661989 144.833734 0.000000
1692799955030111134 144.704869 0.000000
1692799955030932066 144.444939 0.000000
1692799955175074921 144.820157 0.000000
1692799955247265353 144.586718 0.000000
1692799955247513721 144.571398 0.000000
1692799955538190264 144.667672 0.000000
1692799955538471123 144.571197 0.000000
1692799955610299196 144.696629 0.000000
1692799955683173792 144.586433 0.000000
1692799955755607666 144.811928 0.000000
1692799955828374816 144.658736 0.000000
1692799955828557146 144.579873 0.000000
1692799955972217237 144.701726 0.000000
1692799955972460899 144.775714 0.000000
1692799956262571163 144.939220 0.000000
1692799956262714632 144.775223 0.000000
1692799956697025028 144.688508 0.000000
1692799956769407795 144.775348 0.000000
1692799957058317819 144.572385 0.000000
1692799957203241266 144.814379 0.000000
1692799957204277073 144.666475 0.000000
1692799957348837000 144.792062 0.000000
1692799957420720201 144.664925 0.000000
1692799957421131098 144.420185 0.000000
1692799957493322207 144.470663 0.000000
1692799957565942009 144.659553 0.000000
1692799957638217354 144.908037 0.000000
1692799957638791671 145.229049 0.000000
1692799957711098489 144.631939 0.000000
1692799957783980221 145.068842 0.000000
1692799957855591951 144.612263 0.000000
1692799957856290924 145.203976 0.000000
1692799958000250196 144.705815 0.000000
1692799958001027070 144.752354 0.000000
1692799958001628816 144.759115 0.000000
1692799958073612973 144.546184 0.000000
1692799958073659186 144.539849 0.000000
1692799958290188414 144.801682 0.000000
1692799958290623292 144.605140 0.000000
1692799958363895513 144.489893 0.000000
1692799958507911512 144.696459 0.000000
1692799958579825375 144.601181 0.000000
1692799958580235761 144.626306 0.000000
1692799958798309567 144.554799 0.000000
1692799959014511407 144.993221 0.000000
1692799959014718164 144.837708 0.000000
1692799959159337623 144.787376 0.000000
1692799959159423343 144.680477 0.000000
1692799959231995023 144.686757 0.000000
1692799959232090691 144.482365 0.000000
1692799959232673087 144.531550 0.000000
1692799959376782795 144.724570 0.000000
1692799959521655690 144.654777 0.000000
1692799959521728690 144.928885 0.000000
1692799959666385001 144.678858 0.000000
1692799959884028714 144.745519 0.000000
1692799960246284154 144.666455 0.000000
1692799960319377078 144.439240 0.000000
1692799960320241050 144.993451 0.000000
1692799960463826457 144.914547 0.000000
1692799960536372441 144.762863 0.000000
1692799960753545754 144.569268 0.000000
1692799960753906634 144.642844 0.000000
1692799960899109689 144.584509 0.000000
1692799960970769475 144.812645 0.000000
1692799961042998582 144.733240 0.000000
