1692799812757130480 80.959405 204.267196 203 16 0.000000
1692799813740592327 78.308411 199.296004 196 16 0.000000
1692799814754871437 78.450313 200.142116 203 16 0.000000
1692799815768907410 81.726900 199.203977 202 16 0.000000
1692799816740075064 78.442120 210.056448 204 16 0.000000
1692799817753590885 82.730541 193.386233 196 16 0.000000
1692799818768040430 81.290237 193.208186 196 16 0.000000
1692799819750216345 79.086255 199.556933 196 16 0.000000
1692799820764137273 83.524778 192.322720 195 16 0.000000
1692799821778393888 77.244121 206.062215 209 16 0.000000
1692799822751248352 79.588177 207.636439 202 16 0.000000
1692799823764461566 88.368163 178.639597 181 16 0.000000
1692799824778735028 80.192414 202.115113 205 16 0.000000
1692799825759891837 80.496487 191.610527 188 16 0.000000
1692799826774218341 82.032317 192.245811 195 16 0.000000
1692799827787392197 80.970188 200.360483 203 16 0.000000
1692799828762084088 79.163894 209.296915 204 16 0.000000
1692799829776456599 80.713194 198.151863 201 16 0.000000
1692799830789991163 82.766965 192.396193 195 16 0.000000
1692799831803532116 79.227091 199.301271 202 16 0.000000
1692799832782911818 79.425533 200.126665 196 16 0.000000
1692799833796196359 79.854014 200.338595 203 16 0.000000
1692799834808975426 86.913300 181.678327 184 16 0.000000
1692799835785446358 81.035362 204.819203 200 16 0.000000
1692799836799688031 83.692391 183.388226 186 16 0.000000
1692799837813076311 81.984190 201.304892 204 16 0.000000
1692799838790670618 83.911756 187.194220 183 16 0.000000
1692799839804849914 81.565660 195.231719 198 16 0.000000
1692799840818273395 81.813617 197.350896 200 16 0.000000
1692799841797345091 76.995645 210.403368 206 16 0.000000
1692799842811215712 80.256243 200.222767 203 16 0.000000
1692799843825078510 79.120911 202.197016 205 16 0.000000
1692799844801499246 84.933641 183.322445 179 16 0.000000
1692799845812906604 83.145237 192.800813 195 16 0.000000
1692799846826734795 81.869681 195.299366 198 16 0.000000
1692799847807624563 85.413905 192.682216 189 16 0.000000
1692799848820857902 79.206020 199.361777 202 16 0.000000
1692799849835416793 80.663827 199.101305 202 16 0.000000
1692799850808296024 81.829349 189.129332 184 16 0.000000
1692799851821961288 81.331481 200.263343 203 16 0.000000
1692799852835531316 79.456490 202.255395 205 16 0.000000
1692799853849319721 84.957344 187.415833 190 16 0.000000
1692799854831774129 87.524360 185.250329 182 16 0.000000
1692799855846141271 82.294137 195.195597 198 16 0.000000
1692799856816100610 82.560338 191.760616 186 16 0.000000
1692799857829523702 81.211896 194.390645 197 16 0.000000
1692799858843061221 80.176896 202.261909 205 16 0.000000
1692799859855750745 77.662951 205.393624 208 16 0.000000
1692799860844762843 82.014314 198.177584 196 16 0.000000
1692799861859337039 79.625107 199.098302 202 16 0.000000
1692799862823764142 82.995562 190.786820 184 16 0.000000
1692799863836896936 82.643440 195.433400 198 16 0.000000
1692799864850427832 81.357445 192.396704 195 16 0.000000
1692799865863701970 85.124778 191.458572 194 16 0.000000
1692799866877473591 75.827014 212.079311 215 16 0.000000
1692799867872663482 78.490679 203.981188 203 16 0.000000
1692799868831233727 81.728055 194.038983 186 16 0.000000
1692799869844823904 82.680046 194.358643 197 16 0.000000
1692799870858207405 83.111180 193.411441 196 16 0.000000
1692799871871512988 79.609279 199.347574 202 16 0.000000
1692799872885359461 79.514899 201.213920 204 16 0.000000
1692799873884604303 84.608231 190.143593 190 16 0.000000
1692799874840002845 82.100397 195.729836 187 16 0.000000
1692799875853237797 86.783056 183.570420 186 16 0.000000
1692799876866753558 82.926219 189.439585 192 16 0.000000
1692799877879943911 80.142817 204.305170 207 16 0.000000
1692799878892837662 82.794893 192.517723 195 16 0.000000
1692799879896019767 82.520420 192.387799 193 16 0.000000
1692799880847192960 81.431397 194.496658 185 16 0.000000
1692799881860981149 82.670582 195.307039 198 16 0.000000
1692799882873725742 77.644430 205.382516 208 16 0.000000
1692799883887214166 79.091019 204.245056 207 16 0.000000
1692799884900346786 80.672011 200.368624 203 16 0.000000
1692799885912774470 82.777199 193.594085 196 16 0.000000
1692799886853493511 84.129648 190.279945 179 16 0.000000
1692799887866802085 76.960247 206.255074 209 16 0.000000
1692799888880724709 81.059659 198.239979 201 16 0.000000
1692799889894996800 80.718736 198.171675 201 16 0.000000
1692799890909117354 85.314119 188.340527 191 16 0.000000
1692799891923430747 81.126933 197.177719 200 16 0.000000
1692799892865825699 80.617272 197.369478 186 16 0.000000
1692799893879743720 84.441219 190.350695 193 16 0.000000
1692799894894122609 79.995724 199.136634 202 16 0.000000
1692799895908486662 85.338737 188.295313 191 16 0.000000
1692799896923098006 84.265252 187.263827 190 16 0.000000
1692799897937678433 81.476766 197.125821 200 16 0.000000
1692799898879541650 83.161492 194.295721 183 16 0.000000
1692799899894144979 86.769846 184.308462 187 16 0.000000
1692799900908227576 82.012387 194.264285 197 16 0.000000
1692799901923377841 82.777005 194.059940 197 16 0.000000
1692799902936729522 81.881720 195.391201 198 16 0.000000
1692799903951630905 79.240445 201.004751 204 16 0.000000
1692799904893107573 80.081237 200.748468 189 16 0.000000
1692799905907791558 79.571228 200.062258 203 16 0.000000
1692799906922537918 81.139121 198.079085 201 16 0.000000
1692799907936395664 80.357892 198.252660 201 16 0.000000
1692799908951601092 78.135508 201.929579 205 16 0.000000
1692799909965951469 82.215388 197.170530 200 16 0.000000
1692799910907750837 78.039674 205.988671 194 16 0.000000
1692799911922533134 78.591102 199.057466 202 16 0.000000
1692799912937119715 79.725891 205.009585 208 16 0.000000
1692799913956611092 87.816962 181.463064 185 16 0.000000
1692799914971102661 81.623623 194.185941 197 16 0.000000
1692799915912621925 82.670288 195.428820 184 16 0.000000
1692799916927402882 81.194565 196.101434 199 16 0.000000
1692799917942444626 81.134902 198.021413 201 16 0.000000
1692799918956604666 79.920089 200.165645 203 16 0.000000
1692799919970902121 77.239786 208.025760 211 16 0.000000
1692799920984468192 80.690237 198.309717 201 16 0.000000
1692799921926745003 78.923556 201.639262 190 16 0.000000
1692799922940445481 78.786791 201.242869 204 16 0.000000
1692799923954312256 81.516677 195.291924 198 16 0.000000
1692799924968324445 83.836787 193.291568 196 16 0.000000
1692799925982277571 85.323345 188.371634 191 16 0.000000
1692799926995562871 84.037987 190.469547 193 16 0.000000
1692799927937986317 78.087241 203.730084 192 16 0.000000
1692799928952315853 80.374497 199.146320 202 16 0.000000
1692799929967272790 76.696412 203.949547 207 16 0.000000
1692799930980606275 87.865767 184.539445 187 16 0.000000
1692799931995355944 83.539555 193.151087 196 16 0.000000
1692799933009975819 80.035594 197.118150 200 16 0.000000
1692799933951128028 79.946374 204.005266 192 16 0.000000
1692799934966154535 78.853743 201.965169 205 16 0.000000
1692799935980078695 78.799786 201.198449 204 16 0.000000
1692799936993501000 85.164140 184.523300 187 16 0.000000
1692799938008156432 83.895547 193.169024 196 16 0.000000
1692799939022556003 80.244518 200.118351 203 16 0.000000
1692799939963631380 83.353242 190.207930 179 16 0.000000
1692799940977694767 79.096629 204.129274 207 16 0.000000
1692799941991906930 84.041751 190.295489 193 16 0.000000
1692799943005692229 82.236612 196.294038 199 16 0.000000
1692799944020418233 80.714011 199.068484 202 16 0.000000
1692799945035375420 76.565310 208.875837 212 16 0.000000
1692799945976355704 82.853655 191.289864 180 16 0.000000
1692799946990817537 81.831612 197.148880 200 16 0.000000
1692799948004373464 85.503561 185.485558 188 16 0.000000
1692799949018989085 79.122930 202.046939 205 16 0.000000
1692799950032124006 83.129997 193.458964 196 16 0.000000
1692799951046944899 79.547015 201.020688 204 16 0.000000
1692799951988547014 85.125464 187.977493 177 16 0.000000
1692799953003495623 80.745577 198.039552 201 16 0.000000
1692799954017951585 84.011993 191.235538 194 16 0.000000
1692799955031560810 85.375245 187.448966 190 16 0.000000
1692799956045603256 84.775998 185.396573 188 16 0.000000
1692799957059681123 81.315198 200.181872 203 16 0.000000
1692799958002161397 79.408498 199.473668 188 16 0.000000
1692799959015771903 82.290394 195.341309 198 16 0.000000
1692799960030085505 83.266769 191.262320 194 16 0.000000
1692799961044690231 86.006463 184.308224 187 16 0.000000
