1692799812764535254 81.111205 199.856785 199 16 0.000000
1692799813754161887 78.263294 200.075429 198 16 0.000000
1692799814767751083 77.586429 206.197953 209 16 0.000000
1692799815762735880 76.513464 212.063547 211 16 0.000000
1692799816776195424 77.990556 204.250863 207 16 0.000000
1692799817760993724 78.380126 208.164472 205 16 0.000000
1692799818774236087 87.789701 180.608305 183 16 0.000000
1692799819763188176 80.703753 193.133725 191 16 0.000000
1692799820776386411 78.453994 200.355664 203 16 0.000000
1692799821772567625 79.778987 206.789669 206 16 0.000000
1692799822787444067 78.476700 200.024371 203 16 0.000000
1692799823770705749 82.360391 199.336554 196 16 0.000000
1692799824784149248 81.350918 199.320436 202 16 0.000000
1692799825796837191 80.202098 192.556850 195 16 0.000000
1692799826785606058 79.590274 203.283092 201 16 0.000000
1692799827799162244 76.871854 208.177915 211 16 0.000000
1692799828798025810 75.815255 211.240063 211 16 0.000000
1692799829780152632 79.951222 204.657888 201 16 0.000000
1692799830794074443 80.380039 196.267594 199 16 0.000000
1692799831807071544 76.462310 210.267145 213 16 0.000000
1692799832794615090 77.412810 203.535296 201 16 0.000000
1692799833808074686 77.585986 206.224320 209 16 0.000000
1692799834808710337 79.969290 198.873602 199 16 0.000000
1692799835788090911 82.372263 199.105428 195 16 0.000000
1692799836801422198 78.754330 201.316176 204 16 0.000000
1692799837814523305 79.051864 204.323172 207 16 0.000000
1692799838803336930 77.542078 199.228614 197 16 0.000000
1692799839817438824 80.610120 200.177110 203 16 0.000000
1692799840819807904 76.619834 206.510806 207 16 0.000000
1692799841797559194 76.825214 216.824048 212 16 0.000000
1692799842811390909 79.480247 201.216836 204 16 0.000000
1692799843824685284 77.967466 204.284169 207 16 0.000000
1692799844837172443 80.413156 195.558017 198 16 0.000000
1692799845826858861 80.529992 197.032126 195 16 0.000000
1692799846840833622 76.119596 210.064395 213 16 0.000000
1692799847805052525 78.043453 211.570220 204 16 0.000000
1692799848818630849 78.328142 204.226936 207 16 0.000000
1692799849832460177 81.669414 192.340065 195 16 0.000000
1692799850845811038 83.411748 194.404538 197 16 0.000000
1692799851837061702 81.553733 191.677001 190 16 0.000000
1692799852850995162 77.990542 204.155408 207 16 0.000000
1692799853854408415 78.774069 203.306086 204 16 0.000000
1692799854827769829 83.022799 195.199849 190 16 0.000000
1692799855841155656 79.390861 203.278952 206 16 0.000000
1692799856854236458 80.220387 200.378871 203 16 0.000000
1692799857845136736 77.122179 200.827484 199 16 0.000000
1692799858858909894 76.798765 210.106166 213 16 0.000000
1692799859866815236 77.292018 206.368582 208 16 0.000000
1692799860836873073 79.619146 206.173302 200 16 0.000000
1692799861851009504 76.213039 207.072708 210 16 0.000000
1692799862863986138 82.489854 197.437948 200 16 0.000000
1692799863877937118 77.601852 206.124357 209 16 0.000000
1692799864865648020 78.241010 199.451074 197 16 0.000000
1692799865879858061 81.491687 196.211827 199 16 0.000000
1692799866845682098 78.925789 207.077059 200 16 0.000000
1692799867859003016 79.067728 203.291960 206 16 0.000000
1692799868871934365 78.023336 202.382919 205 16 0.000000
1692799869885557421 81.842153 196.325448 199 16 0.000000
1692799870878611291 76.809732 198.377912 197 16 0.000000
1692799871892534235 80.032297 205.143810 208 16 0.000000
1692799872854277867 78.154954 210.035205 202 16 0.000000
1692799873868356237 80.735932 197.223424 200 16 0.000000
1692799874882741881 78.310723 206.036037 209 16 0.000000
1692799875896369847 83.586032 191.391726 194 16 0.000000
1692799876889906034 78.305185 196.268608 195 16 0.000000
1692799877904242157 78.420642 202.102652 205 16 0.000000
1692799878864401218 79.549009 210.381826 202 16 0.000000
1692799879877082163 80.316056 197.495564 200 16 0.000000
1692799880889877477 80.173657 201.422730 204 16 0.000000
1692799881903463231 77.217679 207.185242 210 16 0.000000
1692799882916935134 79.483616 201.288255 204 16 0.000000
1692799883917178555 77.461256 199.951278 200 16 0.000000
1692799884871284652 77.763426 212.764662 203 16 0.000000
1692799885884572591 79.502115 201.324803 204 16 0.000000
1692799886898296059 81.088452 197.292463 200 16 0.000000
1692799887912517625 79.540926 201.139487 204 16 0.000000
1692799888925726395 78.316021 204.301424 207 16 0.000000
1692799889931191644 78.815116 190.956378 192 16 0.000000
1692799890880231394 80.259687 212.846726 202 16 0.000000
1692799891893499556 83.236499 190.472776 193 16 0.000000
1692799892906575418 77.583115 206.302370 209 16 0.000000
1692799893919441977 75.369067 214.243474 217 16 0.000000
1692799894932185930 81.875510 195.508444 198 16 0.000000
1692799895945468657 76.481726 209.220980 212 16 0.000000
1692799896887613036 78.491385 203.790420 192 16 0.000000
1692799897902230877 76.931736 206.974481 210 16 0.000000
1692799898916227287 83.151807 193.294568 196 16 0.000000
1692799899930993544 81.146078 197.089725 200 16 0.000000
1692799900945221728 78.025468 205.082051 208 16 0.000000
1692799901887395079 79.753124 200.600023 189 16 0.000000
1692799902901676678 77.992815 205.071252 208 16 0.000000
1692799903916101093 76.214612 208.985518 212 16 0.000000
1692799904930083962 79.085068 203.159252 206 16 0.000000
1692799905944347958 76.912132 207.046687 210 16 0.000000
1692799906958858198 79.120461 203.053643 206 16 0.000000
1692799907900873712 80.221882 198.510525 187 16 0.000000
1692799908915920093 79.190061 201.961209 205 16 0.000000
1692799909930436125 76.208695 208.966645 212 16 0.000000
1692799910944824220 76.186583 209.978802 213 16 0.000000
1692799911960049156 82.304578 196.015677 199 16 0.000000
1692799912973969875 76.909098 207.116781 210 16 0.000000
1692799913921555951 79.345343 201.564794 191 16 0.000000
1692799914936024908 77.277799 207.004857 210 16 0.000000
1692799915949999351 79.920451 200.202297 203 16 0.000000
1692799916964328283 79.646639 198.160560 201 16 0.000000
1692799917979013954 79.814279 204.004067 207 16 0.000000
1692799918992501018 79.798089 193.391694 196 16 0.000000
1692799919935277801 82.479265 199.410910 188 16 0.000000
1692799920950053525 86.328447 185.262645 188 16 0.000000
1692799921963409529 80.033438 196.377192 199 16 0.000000
1692799922977662980 80.175505 203.105053 206 16 0.000000
1692799923991262620 79.523198 200.276310 203 16 0.000000
1692799925005065798 79.753513 203.195271 206 16 0.000000
1692799925946548616 77.320721 204.995761 193 16 0.000000
1692799926960417386 77.207252 207.127405 210 16 0.000000
1692799927975191808 78.741986 203.986225 207 16 0.000000
1692799928989024580 80.665850 199.243907 202 16 0.000000
1692799930003371671 81.999400 194.213598 197 16 0.000000
1692799931017373927 75.795783 212.031089 215 16 0.000000
1692799931959819879 75.774946 210.091624 198 16 0.000000
1692799932974351911 80.733728 198.120894 201 16 0.000000
1692799933987994971 76.848310 208.160066 211 16 0.000000
1692799935002432590 80.471574 195.182037 198 16 0.000000
1692799936016125298 77.492973 211.109335 214 16 0.000000
1692799937030909923 76.596206 207.925862 211 16 0.000000
1692799937972381158 79.735094 199.687499 188 16 0.000000
1692799938986822574 80.671923 199.124364 202 16 0.000000
1692799940000288691 81.011848 198.329270 201 16 0.000000
1692799941014635020 76.553400 209.001592 212 16 0.000000
1692799942029134170 76.542126 208.970116 212 16 0.000000
1692799943043337647 80.726122 198.185081 201 16 0.000000
1692799943985706579 78.550482 201.619552 190 16 0.000000
1692799944999611832 77.920752 207.119945 210 16 0.000000
1692799946013352092 78.458473 201.234971 204 16 0.000000
1692799947027445487 80.267578 200.178810 203 16 0.000000
1692799948041488957 77.286707 206.105562 209 16 0.000000
1692799949055561017 80.687363 198.210762 201 16 0.000000
1692799949996889584 84.451916 191.219092 180 16 0.000000
1692799951011262133 80.747862 198.152061 201 16 0.000000
1692799952025854333 77.645463 205.994088 209 16 0.000000
1692799953040286140 79.525402 202.083573 205 16 0.000000
1692799954054800488 77.315083 205.024207 208 16 0.000000
1692799955068559922 79.440824 203.204025 206 16 0.000000
1692799956010337136 82.435899 192.189829 181 16 0.000000
1692799957024785270 76.557098 207.994844 211 16 0.000000
1692799958038973736 86.917906 182.411873 185 16 0.000000
1692799959052904667 84.261122 193.307053 196 16 0.000000
1692799960067009683 80.707080 198.204319 201 16 0.000000
1692799961081631646 79.884342 201.060113 204 16 0.000000
