1692799811780288505 144.461345 0.000000
1692799811870585389 144.657878 0.000000
1692799811968211566 144.491937 0.000000
1692799811997355245 144.537969 0.000000
1692799812160537193 144.966285 0.000000
1692799812184613053 144.561098 0.000000
1692799812232791556 144.642993 0.000000
1692799812257043129 144.529394 0.000000
1692799812257520730 144.540424 0.000000
1692799812474147666 144.547470 0.000000
1692799812474312620 144.655822 0.000000
1692799812691801241 144.461271 0.000000
1692799812836162398 144.517259 0.000000
1692799812836298254 144.481040 0.000000
1692799812908666682 144.460509 0.000000
1692799812939054748 144.585984 0.000000
1692799812957214920 144.725881 0.000000
1692799813053885274 144.460193 0.000000
1692799813300726670 144.636643 0.000000
1692799813343559542 144.753510 0.000000
1692799813776787025 144.627176 0.000000
1692799813850196062 144.687893 0.000000
1692799813850350672 144.533759 0.000000
1692799813970975183 144.565313 0.000000
1692799814067077801 144.464574 0.000000
1692799814097215146 144.656078 0.000000
1692799814097251521 144.776162 0.000000
1692799814211666062 144.570018 0.000000
1692799814212123295 144.579986 0.000000
1692799814260694651 144.619173 0.000000
1692799814647278520 144.483432 0.000000
1692799814647562184 144.627698 0.000000
1692799814719816763 144.519165 0.000000
1692799814792267743 144.648546 0.000000
1692799814935727209 144.627542 0.000000
1692799815298785933 144.536695 0.000000
1692799815371165516 144.439545 0.000000
1692799815443094472 144.654038 0.000000
1692799815515224161 144.620511 0.000000
1692799815515482481 144.699349 0.000000
1692799815587826061 144.464814 0.000000
1692799815588111144 144.715592 0.000000
1692799815709366843 144.585484 0.000000
1692799816023183762 144.722898 0.000000
1692799816052083308 144.517054 0.000000
1692799816094749233 144.501805 0.000000
1692799816095733422 144.852796 0.000000
1692799816095806261 144.837405 0.000000
1692799816095873312 144.870817 0.000000
1692799816124572899 144.571547 0.000000
1692799816240455518 144.679176 0.000000
1692799816288493634 144.578674 0.000000
1692799816385054192 144.631887 0.000000
1692799816385433089 144.554407 0.000000
1692799816413977084 144.599095 0.000000
1692799816486465373 144.509563 0.000000
1692799816602728229 144.644120 0.000000
1692799816674665831 144.734867 0.000000
1692799816747324859 144.504551 0.000000
1692799816819177026 144.529629 0.000000
1692799816892014370 144.408112 0.000000
1692799817471091430 144.755369 0.000000
1692799817688283506 144.803280 0.000000
1692799817717297976 144.654680 0.000000
1692799818007188672 144.866076 0.000000
1692799818007270773 144.879893 0.000000
1692799818026282377 144.630684 0.000000
1692799818049409323 144.620324 0.000000
1692799818224461450 144.602609 0.000000
1692799818338617776 144.514709 0.000000
1692799818339314456 144.528046 0.000000
1692799818484113616 144.693549 0.000000
1692799818555836017 144.567873 0.000000
1692799818731278269 144.574477 0.000000
1692799818749854035 144.517977 0.000000
1692799818773840968 144.635902 0.000000
1692799818845187390 144.686885 0.000000
1692799818846115022 144.604368 0.000000
1692799818876046574 144.715525 0.000000
1692799818918600396 144.606321 0.000000
1692799819310527640 144.508184 0.000000
1692799819310814412 144.540299 0.000000
1692799819425409488 144.601286 0.000000
1692799819473593102 144.641219 0.000000
1692799819473682174 144.689306 0.000000
1692799819497758946 144.533744 0.000000
1692799819763148940 144.594145 0.000000
1692799819786878765 144.945781 0.000000
1692799819787469068 144.819287 0.000000
1692799819931661027 144.766500 0.000000
1692799819932061909 144.504280 0.000000
1692799820004645156 144.635539 0.000000
1692799820076155590 144.615735 0.000000
1692799820148856110 144.759098 0.000000
1692799820252226613 144.570809 0.000000
1692799820438076883 144.575211 0.000000
1692799820510996277 144.703643 0.000000
1692799820656252776 144.665766 0.000000
1692799820800876434 144.567608 0.000000
1692799820830744649 144.635225 0.000000
1692799820945166020 144.668181 0.000000
1692799821452966536 144.454739 0.000000
1692799821482573238 144.728682 0.000000
1692799821524861233 144.653938 0.000000
1692799821597630056 144.810824 0.000000
1692799821597719154 144.737488 0.000000
1692799821627705708 144.814039 0.000000
1692799821669492207 144.591617 0.000000
1692799821887076760 144.568799 0.000000
1692799821887469368 144.706489 0.000000
1692799822032058295 144.579882 0.000000
1692799822032083664 144.551992 0.000000
1692799822248860870 144.675574 0.000000
1692799822296754686 144.672116 0.000000
1692799822611095153 144.470565 0.000000
1692799822611616324 144.716413 0.000000
1692799822683864101 144.562441 0.000000
1692799822756064067 144.472431 0.000000
1692799822972913506 144.563684 0.000000
1692799823046367438 144.901479 0.000000
1692799823076445055 144.441398 0.000000
1692799823118116651 144.501362 0.000000
1692799823118430551 144.549479 0.000000
1692799823262736540 144.636568 0.000000
1692799823334994095 144.659932 0.000000
1692799823335574314 144.643527 0.000000
1692799823551989955 144.542880 0.000000
1692799823727752161 144.587685 0.000000
1692799823800265125 144.576864 0.000000
1692799823842337699 144.583794 0.000000
1692799823842390982 144.617067 0.000000
1692799823961212140 144.599126 0.000000
1692799823986112197 144.525089 0.000000
1692799824033664498 144.547972 0.000000
1692799824089565964 144.676982 0.000000
1692799824323481668 144.812807 0.000000
1692799824379690610 144.695494 0.000000
1692799824710740136 144.509818 0.000000
1692799824959309158 144.608617 0.000000
1692799825000872459 144.454685 0.000000
1692799825047155083 144.524658 0.000000
1692799825073413964 144.524557 0.000000
1692799825073464752 144.915426 0.000000
1692799825145019127 144.605114 0.000000
1692799825217454565 144.607083 0.000000
1692799825435653683 144.707437 0.000000
1692799825506991773 144.542649 0.000000
1692799825507742906 144.566384 0.000000
1692799825508010749 144.524085 0.000000
1692799825579480974 144.623092 0.000000
1692799825611415177 144.456960 0.000000
1692799825725393042 144.514879 0.000000
1692799825869908268 144.564465 0.000000
1692799826013647163 144.592313 0.000000
1692799826014770510 144.553830 0.000000
1692799826231489941 144.591492 0.000000
1692799826303402489 144.647533 0.000000
1692799826448698761 145.178479 0.000000
1692799826479941051 144.590305 0.000000
1692799826521840557 144.664272 0.000000
1692799826665833985 144.669229 0.000000
1692799826666505461 144.596681 0.000000
1692799826666590444 144.609735 0.000000
1692799826712909502 144.671775 0.000000
1692799826738184070 144.637785 0.000000
1692799826955197690 144.742033 0.000000
1692799827028131403 144.570981 0.000000
1692799827173211782 144.654549 0.000000
1692799827245075757 144.616707 0.000000
1692799827292368430 144.567427 0.000000
1692799827390288254 144.612677 0.000000
1692799827494313525 144.532550 0.000000
1692799827534434321 144.519485 0.000000
1692799827535189582 144.866458 0.000000
1692799827607602037 144.708405 0.000000
1692799827679922659 144.789252 0.000000
1692799827726484031 144.530400 0.000000
1692799827783587632 144.536705 0.000000
1692799827969227102 144.567738 0.000000
1692799827969960758 144.517640 0.000000
1692799828186480741 144.522698 0.000000
1692799828186489155 144.655698 0.000000
1692799828218387911 144.616131 0.000000
1692799828259057949 144.810392 0.000000
1692799828331118626 144.613048 0.000000
1692799828476292283 144.433917 0.000000
1692799828522803012 144.657602 0.000000
1692799828652809153 144.630553 0.000000
1692799828838728624 144.602363 0.000000
1692799828982490547 144.501217 0.000000
1692799828983549159 144.674024 0.000000
1692799829128395034 144.710224 0.000000
1692799829272077763 144.542042 0.000000
1692799829272848149 144.517375 0.000000
1692799829273447413 144.633781 0.000000
1692799829345641645 144.534058 0.000000
1692799829377201042 144.679382 0.000000
1692799829522230985 144.582949 0.000000
1692799829536388386 144.532774 0.000000
1692799829562868878 144.604833 0.000000
1692799829635162045 144.571716 0.000000
1692799829635247825 144.514117 0.000000
1692799829956778566 144.697549 0.000000
1692799830068578056 144.509563 0.000000
1692799830246595686 144.648921 0.000000
1692799830260556189 144.661064 0.000000
1692799830286277580 144.471579 0.000000
1692799830358707626 144.475588 0.000000
1692799830391183631 144.627547 0.000000
1692799830430522478 144.680751 0.000000
1692799830535981533 144.776662 0.000000
1692799830536820800 145.232333 0.000000
1692799830577190990 144.549159 0.000000
1692799830721649107 144.443232 0.000000
1692799830839933873 144.651558 0.000000
1692799830865003864 144.509217 0.000000
1692799831154519273 144.535137 0.000000
1692799831188314313 144.599021 0.000000
1692799831588928351 144.579469 0.000000
1692799831694776196 144.673910 0.000000
1692799831853474267 144.629186 0.000000
1692799831879317627 144.540439 0.000000
1692799831912402907 145.039886 0.000000
1692799832070613253 144.647658 0.000000
1692799832240236559 144.591198 0.000000
1692799832385288943 144.519335 0.000000
1692799832458511046 144.706991 0.000000
1692799832504891638 144.568078 0.000000
1692799832602368954 144.473875 0.000000
1692799832636200895 144.517110 0.000000
1692799832747787639 144.552271 0.000000
1692799832998613330 144.762832 0.000000
1692799833182038079 144.474811 0.000000
1692799833228958701 144.624467 0.000000
1692799833398967208 144.597508 0.000000
1692799833398981376 144.594957 0.000000
1692799833471027745 144.627963 0.000000
1692799833616347305 144.625422 0.000000
1692799833650360934 144.614316 0.000000
1692799833760400151 144.518824 0.000000
1692799833939552900 144.429090 0.000000
1692799834050311493 144.503905 0.000000
1692799834122912252 144.523830 0.000000
1692799834242203724 144.522172 0.000000
1692799834267400671 144.501093 0.000000
1692799834483860688 144.459380 0.000000
1692799834485320177 144.513897 0.000000
1692799834518643050 144.528872 0.000000
1692799834604005419 144.595197 0.000000
1692799834628374681 144.498347 0.000000
1692799834735588507 144.546953 0.000000
1692799834748732396 144.679657 0.000000
1692799834821126409 144.651743 0.000000
1692799834846445119 144.600303 0.000000
1692799834918563785 144.528436 0.000000
1692799834918893823 144.492662 0.000000
1692799834965763086 144.625601 0.000000
1692799835062348758 144.555359 0.000000
1692799835242311281 144.511045 0.000000
1692799835424797607 144.570328 0.000000
1692799835424844657 144.648315 0.000000
1692799835544754717 144.636573 0.000000
1692799835569290130 144.476621 0.000000
1692799835714535032 144.491535 0.000000
1692799835714597608 144.385659 0.000000
1692799835858599003 144.716077 0.000000
1692799835931687731 144.568890 0.000000
1692799836004188682 144.461526 0.000000
1692799836149623926 144.452073 0.000000
1692799836293709908 144.513872 0.000000
1692799836365291486 144.571235 0.000000
1692799836366056375 144.568589 0.000000
1692799836438250072 144.518374 0.000000
1692799836558262675 144.554656 0.000000
1692799836691131898 144.692076 0.000000
1692799836775326070 144.609830 0.000000
1692799836799493563 144.589067 0.000000
1692799836836025132 144.717566 0.000000
1692799836872267323 144.535332 0.000000
1692799836944110415 144.590912 0.000000
1692799837125426115 144.591357 0.000000
1692799837162044566 144.970273 0.000000
1692799837163137307 144.522336 0.000000
1692799837379616935 144.615132 0.000000
1692799837523938856 144.557134 0.000000
1692799837524703008 144.492669 0.000000
1692799837740815332 144.635525 0.000000
1692799837886886946 144.918032 0.000000
1692799838030444230 144.599983 0.000000
1692799838031597386 144.603997 0.000000
1692799838102942915 144.582487 0.000000
1692799838247455274 144.590776 0.000000
1692799838248705521 144.566799 0.000000
1692799838248743178 144.499814 0.000000
1692799838429442068 144.607875 0.000000
1692799838465747371 144.731648 0.000000
1692799838466235972 144.553023 0.000000
1692799838501919776 144.603702 0.000000
1692799838609892737 144.617740 0.000000
1692799838827637818 144.560921 0.000000
1692799839117494279 144.762301 0.000000
1692799839298587025 144.532821 0.000000
1692799839334868007 144.700947 0.000000
1692799839407408144 144.674195 0.000000
1692799839443498998 144.616961 0.000000
1692799839479509821 144.554436 0.000000
1692799839551068661 144.571516 0.000000
1692799839732741387 144.558266 0.000000
1692799839877394818 144.627791 0.000000
1692799839950399816 144.650740 0.000000
1692799840276677434 144.735663 0.000000
1692799840349111054 144.607675 0.000000
1692799840349159326 144.737678 0.000000
1692799840420610656 144.595769 0.000000
1692799840493826570 144.579700 0.000000
1692799840565395177 144.627867 0.000000
1692799840566323276 144.586671 0.000000
1692799840566362276 144.586280 0.000000
1692799840614357928 144.707041 0.000000
1692799840819120129 144.551895 0.000000
1692799841037135545 144.861000 0.000000
1692799841326802134 144.735442 0.000000
1692799841411277710 144.619427 0.000000
1692799841506582468 144.656824 0.000000
1692799841507825749 144.592129 0.000000
1692799841578580900 144.540744 0.000000
1692799841652441082 144.652339 0.000000
1692799841688041395 144.640115 0.000000
1692799841723646660 144.414771 0.000000
1692799841940537180 144.578176 0.000000
1692799842050163270 144.797010 0.000000
1692799842231138718 144.535597 0.000000
1692799842424940602 144.599576 0.000000
1692799842449341518 144.636467 0.000000
1692799842519557746 144.591156 0.000000
1692799842520285047 144.443509 0.000000
1692799842593972783 144.580918 0.000000
1692799842629921957 144.599039 0.000000
1692799842642156684 144.561368 0.000000
1692799842736639154 144.692453 0.000000
1692799842738810889 144.596575 0.000000
1692799842811284349 144.566747 0.000000
1692799842919329098 144.571274 0.000000
1692799842953908900 144.625726 0.000000
1692799843100541599 144.522702 0.000000
1692799843148747745 144.557461 0.000000
1692799843172613983 144.468516 0.000000
1692799843243322070 144.536374 0.000000
1692799843293299209 144.556827 0.000000
1692799843387833641 144.493714 0.000000
1692799843426245608 144.612446 0.000000
1692799843606899238 144.592054 0.000000
1692799843679821414 144.808712 0.000000
1692799843824610250 144.785037 0.000000
1692799843894562193 144.546613 0.000000
1692799843933831819 144.658648 0.000000
1692799844040113808 144.551545 0.000000
1692799844089588680 144.640542 0.000000
1692799844113902388 144.582742 0.000000
1692799844223153091 144.653451 0.000000
1692799844306670804 144.635670 0.000000
1692799844329499780 144.556627 0.000000
1692799844802993459 144.645658 0.000000
1692799844835717504 144.610045 0.000000
1692799844835807719 144.546127 0.000000
1692799845127225826 144.569882 0.000000
1692799845127422093 144.621106 0.000000
1692799845270181986 144.721971 0.000000
1692799845271829687 144.465009 0.000000
1692799845488267196 144.441184 0.000000
1692799845559628423 144.596153 0.000000
1692799845609728524 144.686999 0.000000
1692799845744434799 144.601255 0.000000
1692799845816164713 144.488860 0.000000
1692799846251556736 144.705086 0.000000
1692799846322877302 144.781990 0.000000
1692799846758262765 144.637895 0.000000
1692799846863468537 144.501097 0.000000
1692799847080004857 144.574868 0.000000
1692799847080349623 144.560054 0.000000
1692799847153379153 144.669805 0.000000
1692799847225883883 144.578046 0.000000
1692799847264377895 144.610572 0.000000
1692799847298097095 144.706424 0.000000
1692799847347515996 144.565221 0.000000
1692799847442013719 144.557434 0.000000
1692799847564656993 144.516203 0.000000
1692799847587189800 144.424570 0.000000
1692799847626844246 144.736780 0.000000
1692799847731788199 144.886212 0.000000
1692799847916171596 144.487125 0.000000
1692799848021280718 144.663750 0.000000
1692799848278447814 144.797045 0.000000
1692799848311431157 144.571230 0.000000
1692799848528849979 144.693966 0.000000
1692799848567863871 144.547154 0.000000
1692799848650542974 144.653637 0.000000
1692799848745410370 144.632282 0.000000
1692799848784899271 144.532215 0.000000
1692799848818080239 144.611213 0.000000
1692799848818339582 144.637880 0.000000
1692799849002264458 144.705693 0.000000
1692799849147159066 144.886999 0.000000
1692799849180002589 144.830152 0.000000
1692799849325004275 144.677026 0.000000
1692799849364639275 144.812972 0.000000
1692799849509117344 144.467599 0.000000
1692799849541729770 144.574212 0.000000
1692799849542388717 144.618430 0.000000
1692799849832189102 144.664847 0.000000
1692799850098417484 144.691062 0.000000
1692799850305630213 144.527439 0.000000
1692799850410293423 144.717500 0.000000
1692799850482873578 144.652048 0.000000
1692799850483213709 144.604406 0.000000
1692799850595345962 144.773149 0.000000
1692799850667521416 144.482153 0.000000
1692799850917426505 144.581027 0.000000
1692799851112318701 144.691574 0.000000
1692799851174172581 144.617462 0.000000
1692799851319632478 144.667213 0.000000
1692799851424255118 144.590034 0.000000
1692799851474180663 144.615478 0.000000
1692799851641823307 144.800423 0.000000
1692799851930792014 144.530250 0.000000
1692799852044192335 144.637123 0.000000
1692799852221162424 144.467309 0.000000
1692799852437193710 144.523069 0.000000
1692799852438645967 144.684799 0.000000
1692799852478801974 144.735081 0.000000
1692799852551241126 144.652690 0.000000
1692799852727728453 144.489566 0.000000
1692799852840703576 144.651321 0.000000
1692799852873237253 144.704380 0.000000
1692799853089104999 144.592660 0.000000
1692799853347689987 144.541219 0.000000
1692799853347748844 144.562018 0.000000
1692799853357616535 144.630398 0.000000
1692799853380361570 144.743571 0.000000
1692799853452106979 144.563828 0.000000
1692799853596445287 144.723725 0.000000
1692799853669946469 144.491916 0.000000
1692799853791715972 144.544974 0.000000
1692799853854137139 144.608161 0.000000
1692799853885968684 144.591066 0.000000
1692799853936299842 144.566244 0.000000
1692799853998752106 144.593622 0.000000
1692799854030852160 144.540343 0.000000
1692799854030869345 144.498341 0.000000
1692799854031329730 144.492908 0.000000
1692799854175663834 144.596824 0.000000
1692799854216192638 144.678249 0.000000
1692799854248793402 144.800553 0.000000
1692799854392685617 144.548115 0.000000
1692799854465188207 144.626513 0.000000
1692799854578015075 144.616445 0.000000
1692799854660303937 144.568972 0.000000
1692799854755267135 144.497564 0.000000
1692799854804907176 144.580395 0.000000
1692799854827192407 144.525143 0.000000
1692799854827664259 144.455260 0.000000
1692799854899618869 144.530701 0.000000
1692799855085054394 144.757578 0.000000
1692799855116548163 144.568854 0.000000
1692799855117264389 144.757874 0.000000
1692799855157198259 144.597742 0.000000
1692799855333604853 144.624935 0.000000
1692799855405814151 144.505748 0.000000
1692799855479059898 144.517581 0.000000
1692799855519963564 144.815819 0.000000
1692799855664668435 144.689295 0.000000
1692799855768511483 144.619032 0.000000
1692799855881810554 144.607138 0.000000
1692799855913282723 144.529518 0.000000
1692799856129788210 144.571671 0.000000
1692799856346876233 144.554205 0.000000
1692799856347145304 144.611769 0.000000
1692799856397570440 144.570830 0.000000
1692799856461907176 144.594665 0.000000
1692799856469938562 144.482127 0.000000
1692799856636182399 144.500460 0.000000
1692799856636994247 144.489151 0.000000
1692799856903947229 144.659971 0.000000
1692799856997329842 144.534459 0.000000
1692799856998332218 144.476896 0.000000
1692799857331550343 144.777203 0.000000
1692799857360767123 144.511585 0.000000
1692799857431476918 144.497905 0.000000
1692799857505356304 144.750818 0.000000
1692799857795385617 144.627165 0.000000
1692799857867187838 144.559729 0.000000
1692799857867694581 144.824514 0.000000
1692799857982605130 144.635915 0.000000
1692799858199551604 144.532239 0.000000
1692799858345034674 144.668121 0.000000
1692799858518845622 144.664431 0.000000
1692799858779387541 144.515711 0.000000
1692799858809031729 144.424595 0.000000
1692799858858780754 144.819938 0.000000
1692799858952074350 144.578722 0.000000
1692799859141206636 144.814105 0.000000
1692799859315257130 144.645206 0.000000
1692799859315365777 144.494551 0.000000
1692799859315395136 144.467924 0.000000
1692799859532939259 144.697940 0.000000
1692799859677850014 144.625642 0.000000
1692799859793889252 144.650775 0.000000
1692799859822698383 145.038552 0.000000
1692799859967351935 144.691029 0.000000
1692799859967787287 144.892392 0.000000
1692799860112491015 144.512398 0.000000
1692799860112596971 144.593171 0.000000
1692799860156147522 144.530665 0.000000
1692799860183175336 144.668786 0.000000
1692799860329490025 144.552802 0.000000
1692799860329846319 144.520281 0.000000
1692799860401640070 144.689766 0.000000
1692799860402198464 144.749495 0.000000
1692799860547056641 144.531452 0.000000
1692799860618943514 144.458894 0.000000
1692799860619514652 144.593563 0.000000
1692799860691559522 144.584271 0.000000
1692799860909228936 144.852201 0.000000
1692799861053759918 144.757052 0.000000
1692799861196573987 144.623221 0.000000
1692799861198909433 144.605530 0.000000
1692799861319514954 144.637359 0.000000
1692799861416101658 144.672971 0.000000
1692799861605195027 145.107005 0.000000
1692799861633553180 144.769084 0.000000
1692799861705264785 144.513531 0.000000
1692799861895165809 145.036738 0.000000
1692799861994921091 144.633360 0.000000
1692799862067374812 144.505056 0.000000
1692799862284099834 144.502795 0.000000
1692799862284809880 144.790534 0.000000
1692799862357348349 144.527564 0.000000
1692799862501829594 144.465755 0.000000
1692799862691809646 144.755664 0.000000
1692799862718357730 144.414501 0.000000
1692799862766798392 144.592109 0.000000
1692799862836503185 144.669192 0.000000
1692799862981435430 144.907842 0.000000
1692799863006759718 144.468516 0.000000
1692799863007218219 144.511411 0.000000
1692799863008412707 144.670296 0.000000
1692799863443191262 144.805635 0.000000
1692799863587743387 144.590063 0.000000
1692799863732724266 144.667224 0.000000
1692799863778515417 144.720151 0.000000
1692799863780160833 144.580486 0.000000
1692799864022247481 144.589888 0.000000
1692799864238123636 144.544734 0.000000
1692799864382968592 144.460121 0.000000
1692799864673228996 144.655151 0.000000
1692799864673828636 144.511216 0.000000
1692799864792707682 144.681146 0.000000
1692799864818579493 144.505518 0.000000
1692799864962401542 144.557193 0.000000
1692799864963110706 144.524401 0.000000
1692799864963359048 144.538554 0.000000
1692799865010001664 144.655025 0.000000
1692799865155073227 144.627285 0.000000
1692799865179399288 144.622605 0.000000
1692799865252070325 144.678540 0.000000
1692799865252783147 144.605525 0.000000
1692799865444487274 144.808211 0.000000
1692799865517381373 144.635008 0.000000
1692799865589952542 144.644334 0.000000
1692799865590015759 144.707316 0.000000
1692799865686332395 144.540709 0.000000
1692799865686891680 144.634362 0.000000
1692799865734379506 144.665524 0.000000
1692799865734744395 144.721980 0.000000
1692799865807328534 144.882468 0.000000
1692799865976032767 144.436427 0.000000
1692799865976418369 144.631345 0.000000
1692799866120615438 144.644640 0.000000
1692799866555495445 144.649526 0.000000
1692799866604129577 144.742081 0.000000
1692799866628398621 144.566775 0.000000
1692799866845423537 144.535372 0.000000
1692799866894487260 144.968302 0.000000
1692799866966185571 144.738398 0.000000
1692799866989755640 144.546282 0.000000
1692799867255794637 144.634577 0.000000
1692799867279049137 144.644952 0.000000
1692799867641138243 144.631059 0.000000
1692799867763388088 144.455000 0.000000
1692799867857864048 144.695749 0.000000
1692799867858031783 144.519844 0.000000
1692799868002366107 144.477753 0.000000
1692799868003582887 144.650344 0.000000
1692799868075791994 144.553609 0.000000
1692799868364325903 144.610470 0.000000
1692799868416469000 144.663510 0.000000
1692799868437227360 144.483126 0.000000
1692799868509949982 144.451737 0.000000
1692799868653987931 144.472690 0.000000
1692799868923099572 144.901970 0.000000
1692799868943928823 144.528571 0.000000
1692799868944342159 144.578326 0.000000
1692799868995302415 144.490432 0.000000
1692799869016473801 144.582576 0.000000
1692799869088568050 144.598914 0.000000
1692799869088923702 144.460301 0.000000
1692799869233524120 144.859405 0.000000
1692799869306199502 144.733192 0.000000
1692799869357817813 144.951730 0.000000
1692799869377666999 144.554221 0.000000
1692799869378363404 144.565487 0.000000
1692799869378422261 144.487250 0.000000
1692799869574652851 144.647336 0.000000
1692799869667612842 144.500896 0.000000
1692799869936952518 144.631975 0.000000
1692799870154021065 144.592545 0.000000
1692799870247042828 144.470390 0.000000
1692799870371199653 144.493736 0.000000
1692799870537226214 144.691771 0.000000
1692799870680350083 144.683996 0.000000
1692799870681882632 144.602888 0.000000
1692799870899171707 144.707337 0.000000
1692799870950675351 144.661850 0.000000
1692799871023041919 144.457815 0.000000
1692799871095523600 144.515220 0.000000
1692799871114809346 144.656674 0.000000
1692799871115937023 144.586516 0.000000
1692799871240131681 144.784386 0.000000
1692799871260879707 144.475728 0.000000
1692799871405613154 144.590930 0.000000
1692799871767289085 144.485891 0.000000
1692799871839975652 144.702209 0.000000
1692799871984503526 144.516804 0.000000
1692799871984787517 144.550928 0.000000
1692799872346905280 144.653867 0.000000
1692799872491926019 144.935411 0.000000
1692799872709119176 144.616003 0.000000
1692799872780426471 144.597350 0.000000
1692799872854219657 144.841579 0.000000
1692799872905733355 144.869724 0.000000
1692799872998837205 144.601821 0.000000
1692799872998983710 144.753895 0.000000
1692799873050484076 144.731171 0.000000
1692799873288508283 144.571115 0.000000
1692799873360917785 144.672169 0.000000
1692799873431774384 144.499750 0.000000
1692799873433463094 144.636924 0.000000
1692799873485442295 144.638851 0.000000
1692799873505798976 144.697244 0.000000
1692799873576347257 144.552708 0.000000
1692799873868106596 144.671252 0.000000
1692799874010751486 144.611232 0.000000
1692799874010789765 144.569811 0.000000
1692799874155350431 144.545781 0.000000
1692799874157909301 144.647046 0.000000
1692799874230066668 144.717440 0.000000
1692799874302284174 144.582115 0.000000
1692799874447478838 145.222424 0.000000
1692799874447508252 145.415768 0.000000
1692799874665055963 144.929893 0.000000
1692799874734679583 144.591797 0.000000
1692799875027395176 144.644670 0.000000
1692799875027405044 144.673833 0.000000
1692799875171981556 144.631264 0.000000
1692799875223126811 144.560725 0.000000
1692799875244226195 144.770482 0.000000
1692799875244429658 144.604055 0.000000
1692799875389362975 144.926276 0.000000
1692799875461573461 144.551925 0.000000
1692799875606341447 144.770748 0.000000
1692799875606374489 144.852659 0.000000
1692799875606420050 144.838290 0.000000
1692799875658965187 144.800087 0.000000
1692799875678527426 144.673006 0.000000
1692799875751366433 144.664216 0.000000
1692799875895932360 144.581864 0.000000
1692799875895983093 144.607048 0.000000
1692799876040788994 144.559553 0.000000
1692799876109599762 144.569826 0.000000
1692799876164992125 144.563601 0.000000
1692799876185178525 144.548637 0.000000
1692799876258105391 144.608492 0.000000
1692799876310054968 144.593271 0.000000
1692799876330541486 144.578016 0.000000
1692799876402646245 144.756971 0.000000
1692799876454009899 144.637227 0.000000
1692799876475131840 144.581022 0.000000
1692799876527757383 144.610131 0.000000
1692799876547152860 144.586070 0.000000
1692799876547246423 144.588139 0.000000
1692799876744176966 144.587827 0.000000
1692799876764079166 144.565255 0.000000
1692799876909129590 144.668697 0.000000
1692799876909232515 144.668737 0.000000
1692799876978836568 144.651867 0.000000
1692799877251131797 144.751108 0.000000
1692799877271081502 144.630648 0.000000
1692799877343302196 144.571495 0.000000
1692799877343728868 144.652152 0.000000
1692799877396345686 144.569477 0.000000
1692799877541014578 144.649446 0.000000
1692799877560312357 144.562022 0.000000
1692799877560822548 144.632723 0.000000
1692799877561220689 144.800442 0.000000
1692799877632931452 144.615752 0.000000
1692799877633701899 144.519388 0.000000
1692799877923029820 144.556816 0.000000
1692799878140014727 144.571105 0.000000
1692799878211818166 144.706102 0.000000
1692799878211818010 144.598424 0.000000
1692799878282425157 144.636496 0.000000
1692799878284994672 144.579675 0.000000
1692799878411306206 144.760715 0.000000
1692799878499561406 144.632342 0.000000
1692799878628387292 144.612676 0.000000
1692799878718545708 144.524781 0.000000
1692799878773008779 144.597561 0.000000
1692799878773163519 144.466461 0.000000
1692799878933818223 144.482714 0.000000
1692799879007899017 144.576092 0.000000
1692799879134976918 144.538428 0.000000
1692799879152526342 144.608325 0.000000
1692799879225711273 144.519680 0.000000
1692799879351953171 144.619433 0.000000
1692799879424721834 144.667192 0.000000
1692799879442016781 144.437162 0.000000
1692799879442062913 144.522997 0.000000
1692799879586638243 144.559563 0.000000
1692799879587185099 144.467083 0.000000
1692799879731489498 144.827686 0.000000
1692799879787198547 144.669884 0.000000
1692799879804013618 144.470787 0.000000
1692799879948475412 144.491454 0.000000
1692799879948607314 144.573795 0.000000
1692799879948984476 144.496776 0.000000
1692799880021651112 144.568809 0.000000
1692799880093325631 144.594529 0.000000
1692799880148430213 144.629825 0.000000
1692799880238607237 144.571746 0.000000
1692799880310275210 144.504303 0.000000
1692799880438679457 144.502439 0.000000
1692799880527606439 144.666016 0.000000
1692799880583658916 144.519540 0.000000
1692799880599785261 144.620404 0.000000
1692799880672265507 144.620574 0.000000
1692799880728611271 144.937867 0.000000
1692799880817080910 144.734244 0.000000
1692799880873201526 144.574427 0.000000
1692799880888471558 144.700921 0.000000
1692799880889631475 144.669157 0.000000
1692799880889770915 144.516948 0.000000
1692799881106350395 144.582752 0.000000
1692799881163427459 144.518827 0.000000
1692799881235189341 144.634902 0.000000
1692799881323239354 144.729538 0.000000
1692799881323273665 144.529541 0.000000
1692799881323975511 144.581775 0.000000
1692799881396523916 144.582430 0.000000
1692799881612689488 144.659580 0.000000
1692799881686074299 144.471713 0.000000
1692799881758280785 144.605279 0.000000
1692799881830823152 144.494561 0.000000
1692799881830891717 144.473568 0.000000
1692799881959480721 144.683565 0.000000
1692799882104185226 144.679761 0.000000
1692799882336451793 144.658337 0.000000
1692799882553627599 144.596268 0.000000
1692799882554676222 144.762990 0.000000
1692799882611658883 144.697613 0.000000
1692799882771957871 144.627662 0.000000
1692799882829739022 144.561080 0.000000
1692799882916393790 144.453034 0.000000
1692799882916601809 144.635679 0.000000
1692799882988706243 144.493755 0.000000
1692799883118825130 144.893990 0.000000
1692799883133768559 144.433664 0.000000
1692799883278073925 144.569134 0.000000
1692799883349788733 144.523137 0.000000
1692799883421988513 144.543506 0.000000
1692799883422930909 144.483135 0.000000
1692799883626346693 144.789458 0.000000
1692799883698884544 144.753067 0.000000
1692799884291063131 144.569516 0.000000
1692799884351463598 145.070495 0.000000
1692799884351545403 145.142933 0.000000
1692799884436502459 144.520647 0.000000
1692799884496636873 144.755990 0.000000
1692799884580713310 144.714963 0.000000
1692799884580933612 144.608110 0.000000
1692799884581266256 144.426793 0.000000
1692799884797970285 144.585688 0.000000
1692799884858837277 144.821662 0.000000
1692799884870540852 144.707345 0.000000
1692799885003742248 144.738754 0.000000
1692799885088203816 144.544787 0.000000
1692799885148961510 144.814431 0.000000
1692799885293830932 144.857761 0.000000
1692799885305696634 144.633914 0.000000
1692799885366240912 144.759508 0.000000
1692799885522081546 144.532509 0.000000
1692799885594582307 144.752597 0.000000
1692799885728394893 144.670967 0.000000
1692799885739299189 144.483044 0.000000
1692799885811802285 144.605731 0.000000
1692799885956724821 144.475798 0.000000
1692799886029195522 144.587628 0.000000
1692799886090531198 144.627545 0.000000
1692799886101117425 144.616901 0.000000
1692799886318754003 144.758921 0.000000
1692799886380166504 144.678670 0.000000
1692799886452447052 144.593537 0.000000
1692799886452840257 144.890573 0.000000
1692799886463566494 144.544849 0.000000
1692799886608049789 144.828322 0.000000
1692799886669932548 144.635530 0.000000
1692799886742612144 144.699021 0.000000
1692799886814828297 144.802758 0.000000
1692799886825421380 144.709767 0.000000
1692799886897635763 144.560750 0.000000
1692799886897794974 144.495994 0.000000
1692799886959925084 144.768743 0.000000
1692799887032267806 144.671838 0.000000
1692799887115013684 144.601174 0.000000
1692799887177202521 144.834476 0.000000
1692799887322252513 144.942027 0.000000
1692799887467440663 144.969196 0.000000
1692799887622239445 144.927317 0.000000
1692799887694590588 145.058634 0.000000
1692799887694708196 144.631776 0.000000
1692799887756999660 144.672184 0.000000
1692799887829621683 144.540638 0.000000
1692799887839312878 144.704980 0.000000
1692799887912135516 144.674143 0.000000
1692799887974372529 144.738814 0.000000
1692799888046786348 144.695784 0.000000
1692799888046920615 144.553598 0.000000
1692799888191559341 144.618248 0.000000
1692799888201244553 144.585292 0.000000
1692799888201446357 144.461504 0.000000
1692799888346077340 144.505661 0.000000
1692799888626120931 144.611232 0.000000
1692799888626287634 144.657094 0.000000
1692799888780789886 144.593562 0.000000
1692799888852416083 144.597236 0.000000
1692799888852735691 144.564846 0.000000
1692799888925523874 144.557448 0.000000
1692799888925546056 144.725914 0.000000
1692799888997728521 144.407563 0.000000
1692799889061260581 144.832743 0.000000
1692799889141951039 144.505006 0.000000
1692799889215210143 144.962794 0.000000
1692799889503948001 144.565385 0.000000
1692799889576960601 144.475818 0.000000
1692799889721583335 144.613237 0.000000
1692799889785867208 145.014109 0.000000
1692799889866436807 144.884516 0.000000
1692799889938369059 144.632973 0.000000
1692799889938422233 144.537115 0.000000
1692799890155830635 144.558615 0.000000
1692799890221644160 144.561232 0.000000
1692799890444856267 144.511265 0.000000
1692799890510194968 144.624969 0.000000
1692799890589901855 144.455907 0.000000
1692799890655326660 144.662412 0.000000
1692799890662849784 144.494024 0.000000
1692799890734165459 144.527182 0.000000
1692799890734993354 144.553954 0.000000
1692799890806992958 144.579448 0.000000
1692799890879941920 144.407098 0.000000
1692799891089426948 144.794302 0.000000
1692799891096710189 144.401835 0.000000
1692799891307839870 145.077663 0.000000
1692799891602713621 144.626122 0.000000
1692799891669145088 144.646596 0.000000
1692799891675173261 144.602342 0.000000
1692799891675347757 144.513326 0.000000
1692799891741816930 144.542567 0.000000
1692799891814041398 144.838290 0.000000
1692799891886417569 144.569596 0.000000
1692799891886708986 144.557773 0.000000
1692799891964647641 144.557382 0.000000
1692799892036724350 144.591051 0.000000
1692799892038019382 144.603169 0.000000
1692799892181414972 144.576707 0.000000
1692799892254150548 144.605298 0.000000
1692799892615739141 144.461775 0.000000
1692799892616855549 144.533714 0.000000
1692799892688014661 144.519815 0.000000
1692799892759831742 144.527744 0.000000
1692799892832685853 144.662813 0.000000
1692799892974095350 144.561013 0.000000
1692799892978780234 144.619462 0.000000
1692799893194556546 144.572487 0.000000
1692799893263226879 144.637599 0.000000
1692799893412750068 144.531963 0.000000
1692799893553336226 144.895834 0.000000
1692799893557511284 144.602322 0.000000
1692799893702101718 144.552035 0.000000
1692799893770747464 144.447933 0.000000
1692799894062581692 144.499171 0.000000
1692799894205445872 144.655310 0.000000
1692799894277898400 144.671126 0.000000
1692799894280619693 144.490301 0.000000
1692799894352208742 144.482884 0.000000
1692799894352722918 144.682964 0.000000
1692799894569851499 144.537039 0.000000
1692799894641816263 144.651060 0.000000
1692799894714198883 144.628176 0.000000
1692799894714475531 144.587768 0.000000
1692799894784866130 144.729958 0.000000
1692799894786723258 144.639162 0.000000
1692799894929806983 144.909601 0.000000
1692799895076434168 144.657515 0.000000
1692799895148445796 144.524200 0.000000
1692799895292373479 144.679180 0.000000
1692799895293874715 144.530469 0.000000
1692799895366133767 144.565631 0.000000
1692799895366503688 144.647697 0.000000
1692799895437723745 144.409558 0.000000
1692799895508971261 144.567602 0.000000
1692799896161227769 144.801134 0.000000
1692799896233473395 144.602071 0.000000
1692799896305939179 144.686372 0.000000
1692799896452112002 144.539791 0.000000
1692799896596869469 144.673207 0.000000
1692799896741142210 144.722175 0.000000
1692799897030824253 144.739545 0.000000
1692799897104577982 144.638666 0.000000
1692799897175812397 144.520978 0.000000
1692799897320977788 144.823352 0.000000
1692799897321645636 144.768359 0.000000
1692799897467331377 144.991561 0.000000
1692799897539744198 144.838579 0.000000
1692799897539919725 144.868731 0.000000
1692799897612312189 144.599951 0.000000
1692799897829566070 144.724491 0.000000
1692799897829754418 144.667388 0.000000
1692799897900308272 144.535166 0.000000
1692799897973260571 144.645351 0.000000
1692799898045468230 144.490747 0.000000
1692799898118149284 144.574483 0.000000
1692799898190249633 144.540187 0.000000
1692799898407316175 144.709997 0.000000
1692799898408252281 144.529172 0.000000
1692799898481423816 144.896105 0.000000
1692799898552529392 145.030788 0.000000
1692799898552834586 144.543194 0.000000
1692799898552867869 144.598257 0.000000
1692799898624479821 144.652012 0.000000
1692799898626252714 144.865919 0.000000
1692799898626321860 144.953889 0.000000
1692799898697386195 144.507275 0.000000
1692799898842905098 144.626228 0.000000
1692799898843311287 144.504264 0.000000
1692799898915730322 144.793872 0.000000
1692799899205836237 144.584520 0.000000
1692799899277032538 144.602371 0.000000
1692799899421593473 144.536909 0.000000
1692799899494542000 144.652990 0.000000
1692799899495483088 144.716447 0.000000
1692799899567199163 144.615567 0.000000
1692799899712953718 144.677316 0.000000
1692799899783748762 144.711641 0.000000
1692799900146918110 144.958745 0.000000
1692799900291188660 144.743245 0.000000
1692799900365491916 144.659444 0.000000
1692799900365579354 144.686648 0.000000
1692799900436630960 144.649090 0.000000
1692799900581891753 144.536444 0.000000
1692799900655105931 144.453590 0.000000
1692799900726742853 144.835449 0.000000
1692799900799649335 144.457420 0.000000
1692799900944487230 144.849812 0.000000
1692799901160851263 144.780316 0.000000
1692799901235003874 144.768543 0.000000
1692799901305704032 144.828257 0.000000
1692799901380012931 144.638626 0.000000
1692799901523457891 145.068897 0.000000
1692799901597210297 144.448293 0.000000
1692799901669469710 144.570929 0.000000
1692799901669562496 144.715199 0.000000
1692799902177611089 145.165201 0.000000
1692799902465718922 144.758335 0.000000
1692799902466388464 144.683740 0.000000
1692799902466475426 144.794328 0.000000
1692799902466478147 144.695604 0.000000
1692799902756403491 144.614976 0.000000
1692799902828336932 144.516392 0.000000
1692799902828613541 144.746352 0.000000
1692799902901350740 144.638721 0.000000
1692799903117949699 144.636361 0.000000
1692799903191481802 144.797570 0.000000
1692799903625818799 144.642756 0.000000
1692799903698235729 144.601234 0.000000
1692799903698532023 144.714948 0.000000
1692799903770088527 144.627295 0.000000
1692799903770179970 144.578727 0.000000
1692799903914903353 144.704645 0.000000
1692799903915187213 144.573479 0.000000
1692799903915437866 144.586710 0.000000
1692799903915791203 144.591186 0.000000
1692799903987709197 144.796899 0.000000
1692799904204366412 144.563231 0.000000
1692799904278060211 144.506492 0.000000
1692799904349010135 144.615823 0.000000
1692799904422697980 144.759071 0.000000
1692799904493950237 144.563957 0.000000
1692799904495374499 144.709566 0.000000
1692799904639520845 144.546767 0.000000
1692799904711894368 144.497217 0.000000
1692799904712478432 144.511586 0.000000
1692799904784514055 144.575770 0.000000
1692799904784698900 144.615798 0.000000
1692799904929520918 144.796528 0.000000
1692799905073817533 144.547775 0.000000
1692799905146619303 144.571289 0.000000
1692799905146856409 144.696345 0.000000
1692799905219748344 144.631619 0.000000
1692799905219849960 144.754516 0.000000
1692799905292052466 144.468420 0.000000
1692799905363243370 144.473350 0.000000
1692799905364185315 144.450332 0.000000
1692799905508564222 144.706398 0.000000
1692799905508608779 144.435150 0.000000
1692799905652736779 144.519098 0.000000
1692799905944061843 144.971275 0.000000
1692799906015655509 144.727071 0.000000
1692799906088825625 144.661128 0.000000
1692799906088850272 144.617617 0.000000
1692799906160484788 144.754465 0.000000
1692799906378151685 144.643031 0.000000
1692799906378784492 144.748793 0.000000
1692799906451367579 144.620008 0.000000
1692799906740211216 144.798202 0.000000
1692799906885250860 145.242320 0.000000
1692799906958024034 144.588294 0.000000
1692799907174761469 144.634306 0.000000
1692799907320818900 144.516582 0.000000
1692799907393704364 144.930349 0.000000
1692799907610413254 144.711946 0.000000
1692799907682207350 144.901171 0.000000
1692799907683066638 144.765731 0.000000
1692799907754368957 144.683510 0.000000
1692799907827811391 144.800968 0.000000
1692799907972873206 144.655876 0.000000
1692799908190583931 144.883159 0.000000
1692799908262414271 144.603278 0.000000
1692799908408095051 144.603254 0.000000
1692799908624942627 144.552360 0.000000
1692799908697342273 144.509641 0.000000
1692799908913938495 144.686311 0.000000
1692799908987994426 144.563766 0.000000
1692799909132321592 144.738674 0.000000
1692799909276622443 144.862577 0.000000
1692799909422567116 144.854368 0.000000
1692799909422837023 144.812896 0.000000
1692799909566242126 144.607820 0.000000
1692799909567136773 144.709250 0.000000
1692799909784566251 144.482437 0.000000
1692799909857835629 144.985638 0.000000
1692799910000937574 144.658906 0.000000
1692799910002415213 144.571500 0.000000
1692799910219866203 144.519048 0.000000
1692799910290743347 144.842836 0.000000
1692799910509619567 145.148001 0.000000
1692799910509783768 145.038551 0.000000
1692799910580790940 144.485815 0.000000
1692799911015742837 144.801650 0.000000
1692799911016490074 144.581133 0.000000
1692799911089425299 144.754766 0.000000
1692799911306595281 144.983273 0.000000
1692799911452156356 144.836972 0.000000
1692799911522628279 144.554825 0.000000
1692799911524448160 144.625570 0.000000
1692799911597269081 144.787032 0.000000
1692799911740049655 144.774506 0.000000
1692799911740051765 144.825230 0.000000
1692799911740911920 144.666025 0.000000
1692799911742125407 144.499543 0.000000
1692799911887170911 144.736621 0.000000
1692799911957184530 144.618264 0.000000
1692799912177415725 144.595821 0.000000
1692799912321351797 144.879506 0.000000
1692799912321919938 144.511290 0.000000
1692799912537281745 145.017632 0.000000
1692799912538418829 144.663845 0.000000
1692799912609973149 144.692160 0.000000
1692799912756067435 144.542623 0.000000
1692799912756414803 144.583628 0.000000
1692799912826434528 144.618549 0.000000
1692799913046219761 144.752185 0.000000
1692799913190099462 144.480682 0.000000
1692799913263569209 144.618724 0.000000
1692799913339772265 148.442962 0.000000
1692799913339795830 149.355902 0.000000
1692799913411894476 149.017047 0.000000
1692799913558381492 144.694977 0.000000
1692799913558465317 144.684989 0.000000
1692799913629239587 144.840906 0.000000
1692799913629862350 145.014031 0.000000
1692799913703894116 144.979649 0.000000
1692799913775238802 144.608371 0.000000
1692799913848120804 144.497603 0.000000
1692799913848909417 144.920958 0.000000
1692799914209602496 145.022699 0.000000
1692799914355314642 144.866937 0.000000
1692799914428128942 144.791286 0.000000
1692799914500143195 144.842740 0.000000
1692799914500963993 144.760655 0.000000
1692799914573393873 144.771699 0.000000
1692799914573482143 144.788584 0.000000
1692799914717094864 144.616184 0.000000
1692799914788902011 144.568643 0.000000
1692799915006174311 144.838791 0.000000
1692799915152332535 144.694596 0.000000
1692799915296083381 144.629479 0.000000
1692799915296278038 144.579944 0.000000
1692799915296405906 144.628822 0.000000
1692799915442637010 144.580932 0.000000
1692799915514851419 144.573444 0.000000
1692799915585600726 144.755097 0.000000
1692799915587382910 144.476609 0.000000
1692799915659580139 144.464586 0.000000
1692799915731263569 144.925784 0.000000
1692799915804383678 144.956921 0.000000
1692799915804717459 144.924661 0.000000
1692799915804786580 144.615261 0.000000
1692799915876192689 144.663061 0.000000
1692799915877031249 144.794352 0.000000
1692799916020640145 144.521850 0.000000
1692799916093303930 144.521478 0.000000
1692799916237747887 144.791230 0.000000
1692799916238442407 144.579272 0.000000
1692799916310151191 144.629390 0.000000
1692799916311377107 144.576416 0.000000
1692799916312003839 144.688386 0.000000
1692799916456785507 144.495327 0.000000
1692799916527753924 144.738578 0.000000
1692799916600634136 144.609067 0.000000
1692799916601731548 144.823155 0.000000
1692799916673979089 144.572732 0.000000
1692799916674292904 144.728836 0.000000
1692799917253879632 144.631685 0.000000
1692799917326044851 144.602782 0.000000
1692799917469911773 144.561221 0.000000
1692799917542312519 144.825681 0.000000
1692799917760982820 144.686177 0.000000
1692799918195112649 144.668088 0.000000
1692799918196578428 145.096695 0.000000
1692799918484879269 144.592784 0.000000
1692799918556715393 144.662571 0.000000
1692799918558489178 144.756756 0.000000
1692799918558889644 144.923323 0.000000
1692799918631163085 144.754956 0.000000
1692799918703427360 144.486172 0.000000
1692799918773989897 144.664100 0.000000
1692799918774450589 144.569670 0.000000
1692799918919649828 144.793872 0.000000
1692799918919836773 144.803539 0.000000
1692799918992867550 144.742292 0.000000
1692799919135817018 144.660126 0.000000
1692799919135930757 144.515831 0.000000
1692799919137550379 144.879396 0.000000
1692799919500114884 144.606642 0.000000
1692799919572812952 144.737586 0.000000
1692799919643597070 144.845992 0.000000
1692799919643875226 144.803408 0.000000
1692799919716530030 144.919815 0.000000
1692799920006106943 144.742758 0.000000
1692799920006186583 144.841367 0.000000
1692799920151603143 144.488286 0.000000
1692799920223357467 144.880118 0.000000
1692799920295680232 144.838445 0.000000
1692799920296279716 144.653916 0.000000
1692799920368853065 145.242140 0.000000
1692799920513547174 144.699131 0.000000
1692799920515084404 144.788458 0.000000
1692799920585361799 144.555794 0.000000
1692799920587405426 144.562810 0.000000
1692799920659246131 144.465608 0.000000
1692799920803256235 144.597255 0.000000
1692799920947122038 144.701717 0.000000
1692799921092309373 144.630933 0.000000
1692799921164968097 144.654702 0.000000
1692799921238989664 144.548013 0.000000
1692799921239259316 144.567382 0.000000
1692799921381969095 144.693518 0.000000
1692799921456236649 144.430046 0.000000
1692799921456619905 144.557928 0.000000
1692799921673273501 144.593345 0.000000
1692799921745892616 144.573595 0.000000
1692799921890513135 144.798167 0.000000
1692799921963294097 144.646090 0.000000
1692799922034133276 144.765280 0.000000
1692799922035629250 145.172266 0.000000
1692799922035667048 144.780415 0.000000
1692799922179896317 144.790830 0.000000
1692799922180159699 144.945329 0.000000
1692799922253144364 144.730745 0.000000
1692799922253266914 144.893337 0.000000
1692799922542867758 144.585668 0.000000
1692799922613910497 144.674725 0.000000
1692799922614962594 144.611739 0.000000
1692799922760089445 144.529232 0.000000
1692799922904949265 144.545063 0.000000
1692799922905038978 144.527055 0.000000
1692799923049386908 144.496125 0.000000
1692799923049596064 144.693549 0.000000
1692799923120820441 144.652041 0.000000
1692799923122318645 144.723553 0.000000
1692799923122327676 144.679886 0.000000
1692799923194512511 145.068656 0.000000
1692799923194547994 144.452292 0.000000
1692799923266569173 144.540547 0.000000
1692799923339146135 144.529857 0.000000
1692799923483510638 144.547464 0.000000
1692799923701383595 144.518457 0.000000
1692799923917701304 144.543234 0.000000
1692799923991100889 144.454037 0.000000
1692799923991153150 144.411327 0.000000
1692799924062470874 144.724284 0.000000
1692799924135552765 144.487705 0.000000
1692799924207066399 144.383217 0.000000
1692799924207541680 144.417612 0.000000
1692799924207941815 144.412284 0.000000
1692799924352874856 144.541495 0.000000
1692799924642513016 144.525889 0.000000
1692799924713571015 144.665644 0.000000
1692799924858657387 144.454648 0.000000
1692799924932205272 144.591942 0.000000
1692799925003420146 144.545404 0.000000
1692799925004491838 144.516270 0.000000
1692799925004838820 144.674774 0.000000
1692799925149529006 144.685189 0.000000
1692799925294446279 144.802190 0.000000
1692799925365439423 144.648439 0.000000
1692799925437768133 144.567811 0.000000
1692799925438299097 144.813979 0.000000
1692799925510629020 144.667883 0.000000
1692799925511322698 144.422302 0.000000
1692799925511602348 144.615847 0.000000
1692799925655853207 144.849817 0.000000
1692799925800882816 145.010415 0.000000
1692799926018271176 144.777787 0.000000
1692799926018451896 144.820931 0.000000
1692799926379242055 144.555934 0.000000
1692799926453685702 144.602308 0.000000
1692799926597762106 144.419496 0.000000
1692799926887827750 144.550791 0.000000
1692799926959272602 144.915079 0.000000
1692799926959901131 144.698193 0.000000
1692799926959949196 144.522244 0.000000
1692799927249718252 144.831524 0.000000
1692799927249749134 144.674209 0.000000
1692799927249937161 144.808037 0.000000
1692799927465829657 144.707877 0.000000
1692799927467388487 144.792965 0.000000
1692799927467427104 144.537090 0.000000
1692799927538395097 144.673110 0.000000
1692799927612574015 144.848579 0.000000
1692799927755333099 144.506357 0.000000
1692799927899982716 144.631995 0.000000
1692799927902339745 144.666957 0.000000
1692799928046418618 144.581306 0.000000
1692799928119332371 144.556074 0.000000
1692799928119928908 144.817035 0.000000
1692799928189680890 144.691884 0.000000
1692799928192049919 144.556465 0.000000
1692799928264610884 144.559486 0.000000
1692799928264636653 144.683289 0.000000
1692799928335295415 144.805653 0.000000
1692799928480100172 144.803298 0.000000
1692799928480893943 144.679030 0.000000
1692799928624740080 144.577262 0.000000
1692799928697464535 144.613839 0.000000
1692799928842501622 144.755537 0.000000
1692799928915328558 144.674009 0.000000
1692799928916332460 144.804215 0.000000
1692799929205235576 144.960273 0.000000
1692799929277332782 144.701578 0.000000
1692799929350291050 144.513680 0.000000
1692799929495325432 144.720747 0.000000
1692799929495684427 144.596343 0.000000
1692799929639696615 144.723176 0.000000
1692799929640890722 144.991355 0.000000
1692799929712464089 144.479460 0.000000
1692799929713123583 144.461959 0.000000
1692799929785309130 144.520331 0.000000
1692799930001229495 144.602446 0.000000
1692799930074711613 144.764434 0.000000
1692799930364014443 144.471788 0.000000
1692799930364359415 144.717900 0.000000
1692799930364726594 144.664746 0.000000
1692799930436909840 144.700199 0.000000
1692799930509515704 144.671366 0.000000
1692799930581483853 144.551960 0.000000
1692799930798874274 144.774110 0.000000
1692799930872194138 144.758760 0.000000
1692799931015741316 144.653114 0.000000
1692799931160735147 144.607859 0.000000
1692799931233604907 144.756103 0.000000
1692799931234163655 144.541678 0.000000
1692799931305489432 144.776752 0.000000
1692799931379459887 144.740163 0.000000
1692799931668424327 144.618343 0.000000
1692799932031248776 144.602095 0.000000
1692799932104659879 144.833016 0.000000
1692799932176989425 144.613482 0.000000
1692799932321076782 145.013457 0.000000
1692799932321551950 144.587364 0.000000
1692799932465868064 144.783718 0.000000
1692799932466527191 144.964126 0.000000
1692799932829117611 144.640089 0.000000
1692799932900313872 144.487929 0.000000
1692799932900941757 144.808786 0.000000
1692799933045570526 144.581278 0.000000
1692799933118735013 144.650769 0.000000
1692799933118958913 144.646760 0.000000
1692799933263471721 144.730173 0.000000
1692799933335959069 144.656080 0.000000
1692799933478958909 144.655496 0.000000
1692799933552246398 144.471316 0.000000
1692799933552691934 144.601955 0.000000
1692799933624371529 144.557802 0.000000
1692799933769236632 144.697257 0.000000
1692799933842067504 144.696069 0.000000
1692799933986468346 144.413085 0.000000
1692799934059563308 144.620849 0.000000
1692799934132507970 144.683084 0.000000
1692799934348525702 144.778832 0.000000
1692799934493218117 144.677124 0.000000
1692799934638703426 144.525697 0.000000
1692799934784815312 144.485290 0.000000
1692799935000820635 144.669750 0.000000
1692799935073456258 144.681874 0.000000
1692799935074497670 144.619452 0.000000
1692799935145138425 144.701096 0.000000
1692799935217372228 144.595380 0.000000
1692799935218181505 144.781116 0.000000
1692799935218765338 144.637386 0.000000
1692799935579802736 144.614379 0.000000
1692799935651976395 144.649059 0.000000
1692799935869537426 144.727065 0.000000
1692799935871172969 144.519508 0.000000
1692799935942231084 144.697793 0.000000
1692799936015165151 144.754930 0.000000
1692799936232567477 144.752796 0.000000
1692799936305030965 144.736211 0.000000
1692799936378376835 144.814800 0.000000
1692799936450529626 144.609844 0.000000
1692799936523382579 145.125403 0.000000
1692799936666756363 144.674864 0.000000
1692799936739889954 144.544200 0.000000
1692799936883905822 144.624488 0.000000
1692799936957064381 144.755322 0.000000
1692799937102578868 144.578535 0.000000
1692799937174612331 144.702971 0.000000
1692799937247428670 144.762263 0.000000
1692799937319461276 144.529476 0.000000
1692799937392241806 144.513289 0.000000
1692799937464524618 144.534648 0.000000
1692799937465464118 144.591140 0.000000
1692799937682746030 144.667819 0.000000
1692799937971868250 144.706799 0.000000
1692799937972171084 144.763982 0.000000
1692799938043089845 144.598288 0.000000
1692799938043749108 144.641011 0.000000
1692799938189654659 144.705615 0.000000
1692799938189713100 144.812389 0.000000
1692799938479464007 144.645672 0.000000
1692799938551994661 144.775994 0.000000
1692799938695816768 144.993976 0.000000
1692799938840432245 144.590253 0.000000
1692799938913869151 144.505575 0.000000
1692799938985016994 144.565179 0.000000
1692799938985300183 144.543184 0.000000
1692799938986490100 144.605002 0.000000
1692799939058113429 144.485003 0.000000
1692799939131195371 144.541533 0.000000
1692799939201076509 144.548210 0.000000
1692799939274310573 144.461338 0.000000
1692799939345841402 144.739430 0.000000
1692799939346605484 144.490351 0.000000
1692799939418816490 144.484321 0.000000
1692799939491175089 144.546586 0.000000
1692799939565603346 144.718652 0.000000
1692799939635477212 144.641091 0.000000
1692799939708528913 144.514882 0.000000
1692799939709712800 144.550515 0.000000
1692799939709853718 144.635809 0.000000
1692799939780660674 144.732453 0.000000
1692799939782399507 144.480152 0.000000
1692799940144198030 144.646779 0.000000
1692799940216033327 144.683655 0.000000
1692799940362248153 144.532123 0.000000
1692799940434499348 144.734402 0.000000
1692799940650451130 144.696480 0.000000
1692799940795421131 144.741058 0.000000
1692799940868199873 144.634727 0.000000
1692799940869633597 144.805614 0.000000
1692799940941876056 144.581739 0.000000
1692799941013037606 144.893663 0.000000
1692799941013457071 144.516245 0.000000
1692799941159507583 144.885885 0.000000
1692799941303205929 144.590664 0.000000
1692799941375209938 144.868571 0.000000
1692799941376551277 144.535390 0.000000
1692799941521816379 144.686756 0.000000
1692799941592412625 144.789465 0.000000
1692799941666321283 144.887889 0.000000
1692799941737476694 144.716210 0.000000
1692799941809858794 144.548978 0.000000
1692799941882483291 144.979248 0.000000
1692799941956746824 144.783136 0.000000
1692799942245550298 144.679211 0.000000
1692799942245583335 144.547408 0.000000
1692799942390506915 144.598218 0.000000
1692799942390760472 144.569755 0.000000
1692799942461685839 144.633578 0.000000
1692799942535056746 144.596097 0.000000
1692799942751132995 144.582170 0.000000
1692799942898281396 144.911650 0.000000
1692799943260107558 144.491614 0.000000
1692799943476722062 144.562683 0.000000
1692799943550233717 144.710402 0.000000
1692799943621867766 144.479425 0.000000
1692799943695605632 145.106437 0.000000
1692799943910962152 144.748826 0.000000
1692799943912130343 144.666360 0.000000
1692799944055364918 144.698435 0.000000
1692799944055771228 144.784609 0.000000
1692799944272730103 144.633212 0.000000
1692799944275053290 144.522470 0.000000
1692799944491133858 144.591234 0.000000
1692799944492111577 144.423936 0.000000
1692799944562413338 144.711737 0.000000
1692799944564550372 144.545974 0.000000
1692799944636895064 144.652086 0.000000
1692799944636937322 144.605382 0.000000
1692799944709262418 144.651800 0.000000
1692799944852305028 144.718948 0.000000
1692799944853067295 144.524761 0.000000
1692799944924828690 144.687264 0.000000
1692799944925306160 144.696681 0.000000
1692799944997791274 144.688196 0.000000
1692799945216543283 144.594933 0.000000
1692799945216713353 144.778195 0.000000
1692799945287484501 144.584369 0.000000
1692799945360319673 144.664535 0.000000
1692799945361295557 144.805282 0.000000
1692799945361343594 144.812304 0.000000
1692799945576776601 144.657068 0.000000
1692799945577207110 144.498436 0.000000
1692799945578572728 144.693297 0.000000
1692799945866603690 144.654286 0.000000
1692799946011380843 144.753172 0.000000
1692799946157156006 144.865538 0.000000
1692799946301756141 144.612449 0.000000
1692799946302043499 144.850378 0.000000
1692799946302273224 144.817426 0.000000
1692799946374117276 144.785607 0.000000
1692799946374579786 144.521533 0.000000
1692799946519183064 144.441818 0.000000
1692799946520136536 144.673612 0.000000
1692799946591884024 144.704022 0.000000
1692799946664179096 144.575409 0.000000
1692799946736372566 144.495813 0.000000
1692799946808538567 144.733856 0.000000
1692799946953856422 144.584344 0.000000
1692799946954406771 144.678523 0.000000
1692799947025805062 144.614033 0.000000
1692799947027201469 144.689774 0.000000
1692799947098915825 144.662174 0.000000
1692799947099029229 144.753527 0.000000
1692799947244449657 144.779488 0.000000
1692799947315767622 144.548151 0.000000
1692799947460125980 144.672960 0.000000
1692799947460682374 144.559366 0.000000
1692799947605476976 145.109299 0.000000
1692799947605567823 144.867352 0.000000
1692799947605564325 144.699798 0.000000
1692799947823324568 144.800045 0.000000
1692799947823657121 144.389155 0.000000
1692799947896121962 144.631263 0.000000
1692799947967508786 144.909570 0.000000
1692799948040964086 144.813197 0.000000
1692799948112316620 144.782991 0.000000
1692799948185806229 144.898520 0.000000
1692799948476313209 144.731586 0.000000
1692799948693438170 144.621515 0.000000
1692799948838237905 144.508970 0.000000
1692799948910080169 144.463012 0.000000
1692799948910333427 144.664200 0.000000
1692799948982923790 144.662686 0.000000
1692799949199288112 144.673486 0.000000
1692799949199660027 144.518961 0.000000
1692799949343790741 144.630856 0.000000
1692799949344556983 144.879831 0.000000
1692799949344797958 145.098555 0.000000
1692799949345110069 144.777543 0.000000
1692799949416691025 144.734192 0.000000
1692799949488037340 144.576151 0.000000
1692799949488530337 144.521438 0.000000
1692799949489672257 144.781337 0.000000
1692799949489702537 144.583342 0.000000
1692799949561245259 144.622328 0.000000
1692799949562179632 144.683786 0.000000
1692799949705198661 144.734032 0.000000
1692799949778110957 144.711174 0.000000
1692799949779467853 144.645596 0.000000
1692799950068811422 144.667733 0.000000
1692799950140209853 144.754179 0.000000
1692799950502524112 144.683179 0.000000
1692799950574599801 144.586087 0.000000
1692799950719796754 144.972617 0.000000
1692799951083590035 144.994673 0.000000
1692799951154774303 144.763049 0.000000
1692799951228367919 144.765304 0.000000
1692799951372544826 144.798147 0.000000
1692799951517620132 144.937359 0.000000
1692799951590955587 144.660125 0.000000
1692799951734053770 144.618874 0.000000
1692799951735043867 144.608435 0.000000
1692799951878884386 144.807247 0.000000
1692799951879869748 144.615937 0.000000
1692799951880507781 144.496309 0.000000
1692799951953120992 144.558163 0.000000
1692799952024550340 144.639266 0.000000
1692799952097678083 144.532939 0.000000
1692799952169758605 145.191807 0.000000
1692799952169964303 144.845231 0.000000
1692799952242117956 144.670925 0.000000
1692799952387395828 144.668811 0.000000
1692799952459792946 144.503547 0.000000
1692799952460023092 144.608205 0.000000
1692799952530812772 144.694480 0.000000
1692799952822735158 144.779803 0.000000
1692799952967326879 144.653930 0.000000
1692799953039249133 144.631458 0.000000
1692799953039945437 144.723251 0.000000
1692799953040087974 144.614098 0.000000
1692799953256885243 144.545458 0.000000
1692799953257265848 144.690400 0.000000
1692799953329276593 144.666786 0.000000
1692799953401069130 144.746140 0.000000
1692799953401179978 144.743674 0.000000
1692799953618067447 144.679551 0.000000
1692799953836265203 144.520851 0.000000
1692799953909275933 144.526254 0.000000
1692799954126036968 144.487934 0.000000
1692799954126612717 144.591355 0.000000
1692799954197865559 144.597400 0.000000
1692799954342675778 144.577924 0.000000
1692799954487363588 144.712086 0.000000
1692799954487538372 144.846150 0.000000
1692799954487915946 145.081954 0.000000
1692799954560967237 144.724109 0.000000
1692799954632646907 145.093806 0.000000
1692799954705936170 144.959516 0.000000
1692799954706001732 144.653320 0.000000
1692799954776988225 144.709229 0.000000
1692799954777043664 144.525612 0.000000
1692799954778322318 144.567234 0.000000
1692799954922448281 144.612880 0.000000
1692799954994200500 144.788735 0.000000
1692799954995754453 144.727006 0.000000
1692799955066651414 144.684257 0.000000
1692799955067776585 144.649717 0.000000
1692799955068318200 144.778672 0.000000
1692799955212645887 144.770947 0.000000
1692799955213380640 145.001254 0.000000
1692799955429207588 144.771188 0.000000
1692799955502669693 144.616955 0.000000
1692799955573839783 144.608900 0.000000
1692799955574461819 144.676498 0.000000
1692799955646526520 144.519613 0.000000
1692799955720322381 144.828747 0.000000
1692799955863577278 144.667733 0.000000
1692799955865186555 144.873786 0.000000
1692799955865216540 144.604771 0.000000
1692799955936268200 144.685860 0.000000
1692799956081322516 144.586092 0.000000
1692799956082486601 144.879636 0.000000
1692799956371774643 144.692400 0.000000
1692799956372381334 144.871010 0.000000
1692799956444483882 144.586369 0.000000
1692799956588346297 144.654697 0.000000
1692799956662685507 144.726053 0.000000
1692799956734014652 144.510532 0.000000
1692799956734770595 144.431799 0.000000
1692799956950852185 144.511244 0.000000
1692799956952225573 144.547398 0.000000
1692799957024485914 144.605018 0.000000
1692799957096921202 144.691364 0.000000
1692799957097062941 144.623536 0.000000
1692799957167927340 144.767304 0.000000
1692799957240387255 144.637187 0.000000
1692799957314431233 144.766206 0.000000
1692799957387036525 144.915259 0.000000
1692799958110053952 144.747012 0.000000
1692799958110482383 144.609707 0.000000
1692799958111028097 144.871767 0.000000
1692799958255507732 144.519213 0.000000
1692799958255765843 144.495979 0.000000
1692799958400710875 144.492861 0.000000
1692799958472401641 144.721729 0.000000
1692799958473135477 144.800792 0.000000
1692799958544993572 144.727427 0.000000
1692799958690546909 144.665678 0.000000
1692799958761919059 144.706192 0.000000
1692799958907180147 144.862651 0.000000
1692799958907376027 144.645582 0.000000
1692799958907612828 144.543494 0.000000
1692799958907751435 144.660135 0.000000
1692799958980275800 144.659669 0.000000
1692799959052383821 144.552450 0.000000
1692799959125186903 144.675341 0.000000
1692799959197748805 144.827980 0.000000
1692799959269237140 144.487093 0.000000
1692799959269383300 144.501240 0.000000
1692799959342709754 144.763170 0.000000
1692799959415097887 144.855865 0.000000
1692799959415338752 144.626351 0.000000
1692799959486373472 144.659278 0.000000
1692799959558849870 144.608144 0.000000
1692799959631899115 144.576782 0.000000
1692799959632361345 144.579222 0.000000
1692799959777112617 144.446518 0.000000
1692799959848532232 144.736733 0.000000
1692799959921074919 144.585006 0.000000
1692799959921633743 144.468324 0.000000
1692799959993488305 144.623590 0.000000
1692799959993879580 144.463377 0.000000
1692799959994473822 144.592873 0.000000
1692799960066227033 144.823194 0.000000
1692799960066622668 144.627855 0.000000
1692799960139305847 144.642060 0.000000
1692799960211701051 144.872634 0.000000
1692799960283252638 144.608485 0.000000
1692799960284475491 144.810184 0.000000
1692799960428667333 144.587391 0.000000
1692799960429106744 144.702323 0.000000
1692799960429428944 144.779367 0.000000
1692799960429467679 144.716807 0.000000
1692799960502024478 144.585537 0.000000
1692799960572702935 144.790604 0.000000
1692799960645551253 144.526594 0.000000
1692799960646346292 144.510728 0.000000
1692799960717661179 144.616408 0.000000
1692799960718756470 144.768668 0.000000
1692799960935725799 144.576687 0.000000
