1692799812767624015 101.169931 152.481195 152 16 0.000000
1692799813740570607 94.742969 172.671351 168 16 0.000000
1692799814765948335 92.888003 172.619341 177 16 0.000000
1692799815774406595 101.162520 157.666395 159 16 0.000000
1692799816746740367 98.469822 162.495638 158 16 0.000000
1692799817770544354 97.565658 168.977684 173 16 0.000000
1692799818781025170 102.371885 150.423416 152 16 0.000000
1692799819753606995 100.452956 158.341432 154 16 0.000000
1692799820776328460 98.949567 164.267625 168 16 0.000000
1692799821749175347 99.484214 164.465759 160 16 0.000000
1692799822721849779 97.200727 165.523003 161 16 0.000000
1692799823782855843 99.646780 155.512761 165 16 0.000000
1692799824754735350 102.731680 158.455875 154 16 0.000000
1692799825766768666 100.773742 155.133222 157 16 0.000000
1692799826787827278 101.675340 162.576375 166 16 0.000000
1692799827760689935 94.884206 168.574679 164 16 0.000000
1692799828772508060 93.637969 166.037731 168 16 0.000000
1692799829793068309 95.925318 172.454306 176 16 0.000000
1692799830765169088 97.897367 162.534567 158 16 0.000000
1692799831779181060 96.540301 160.747610 163 16 0.000000
1692799832797779133 97.061186 169.841305 173 16 0.000000
1692799833769684683 97.185084 164.625050 160 16 0.000000
1692799834741297794 98.524021 160.557735 156 16 0.000000
1692799835801639681 100.871429 159.382556 169 16 0.000000
1692799836773988615 99.749547 160.436234 156 16 0.000000
1692799837788901304 99.579204 155.678385 158 16 0.000000
1692799838808866004 102.897021 161.770315 165 16 0.000000
1692799839780494507 96.176574 163.642674 159 16 0.000000
1692799840794491863 95.333516 164.694842 167 16 0.000000
1692799841814677182 91.766990 180.359386 184 16 0.000000
1692799842786955047 97.885481 162.504991 158 16 0.000000
1692799843801914768 94.251332 164.538550 167 16 0.000000
1692799844820862473 101.874591 160.950359 164 16 0.000000
1692799845793106304 102.152998 158.396480 154 16 0.000000
1692799846807980351 94.285380 162.581726 165 16 0.000000
1692799847826497105 103.554353 160.036666 163 16 0.000000
1692799848798683894 96.118410 164.577426 160 16 0.000000
1692799849813275921 101.981440 153.756359 156 16 0.000000
1692799850832098898 100.534556 164.896189 168 16 0.000000
1692799851804848748 100.486646 158.314082 154 16 0.000000
1692799852819209348 98.396039 156.748967 159 16 0.000000
1692799853839173375 98.975704 164.711716 168 16 0.000000
1692799854811953457 101.029733 158.309159 154 16 0.000000
1692799855826007905 102.514268 153.837897 156 16 0.000000
1692799856844420759 102.380840 161.034879 164 16 0.000000
1692799857816723987 99.529291 155.301355 151 16 0.000000
1692799858831381268 97.048005 161.630904 164 16 0.000000
1692799859850669783 100.225151 168.745186 172 16 0.000000
1692799860823273651 97.242202 164.506853 160 16 0.000000
1692799861836680687 95.995770 160.843555 163 16 0.000000
1692799862856904382 105.548604 156.828357 160 16 0.000000
1692799863829176108 99.081581 161.477488 157 16 0.000000
1692799864841840243 97.255468 157.999080 160 16 0.000000
1692799865863180337 103.478186 160.573352 164 16 0.000000
1692799866835009013 95.443125 166.696048 162 16 0.000000
1692799867848090910 97.154982 159.908069 162 16 0.000000
1692799868869018765 96.087741 169.453728 173 16 0.000000
1692799869841426841 99.669758 161.454850 157 16 0.000000
1692799870855115491 96.551714 161.785355 164 16 0.000000
1692799871827311393 100.345721 159.432884 155 16 0.000000
1692799872847988089 101.687805 162.637226 166 16 0.000000
1692799873861240226 97.433127 154.946602 157 16 0.000000
1692799874833818914 97.959500 161.426527 157 15 0.000000
1692799875853741849 104.641589 159.816024 163 16 0.000000
1692799876867288339 104.579367 150.955071 153 16 0.000000
1692799877839896171 97.987167 161.421676 157 15 0.000000
1692799878859924676 98.658937 168.622755 172 16 0.000000
1692799879872598833 100.526339 151.085124 153 16 0.000000
1692799880844805914 98.210424 166.631157 162 16 0.000000
1692799881865751779 101.415965 159.655891 163 16 0.000000
1692799882878180235 104.719903 150.134045 152 16 0.000000
1692799883850830764 101.064210 158.330270 154 16 0.000000
1692799884872335465 97.738558 166.421163 170 16 0.000000
1692799885883655793 101.346421 155.242599 157 16 0.000000
1692799886855821364 111.057596 144.008383 140 16 0.000000
1692799887877541704 102.573528 158.556120 162 16 0.000000
1692799888889093461 100.696235 156.195655 158 16 0.000000
1692799889861468736 95.002772 166.602329 162 16 0.000000
1692799890884405656 99.406288 165.210575 169 16 0.000000
1692799891895164856 100.159653 156.318145 158 16 0.000000
1692799892867651214 101.591611 158.356977 154 16 0.000000
1692799893890243123 98.674760 168.200065 172 16 0.000000
1692799894901213801 100.293636 154.307123 156 16 0.000000
1692799895873762360 105.235168 151.149265 147 16 0.000000
1692799896895809742 101.061943 163.397516 167 16 0.000000
1692799897906940298 98.433662 157.249720 159 16 0.000000
1692799898879270003 97.378922 162.496324 158 16 0.000000
1692799899902340863 100.414051 165.188971 169 16 0.000000
1692799900912554977 106.319297 146.503575 148 16 0.000000
1692799901884897427 101.051913 158.380414 154 16 0.000000
1692799902908451492 97.538820 169.995925 174 16 0.000000
1692799903918190481 94.247454 164.398910 166 16 0.000000
1692799904890728964 99.079116 161.433203 157 16 0.000000
1692799905914859266 98.196674 167.947390 172 16 0.000000
1692799906888208651 106.273039 147.942752 144 16 0.000000
1692799907895490533 104.858942 148.915619 150 16 0.000000
1692799908920654391 100.467360 163.876251 168 16 0.000000
1692799909929177998 101.524694 153.689982 155 16 0.000000
1692799910866511318 92.220048 174.964470 164 16 0.000000
1692799911927014317 103.615026 158.415394 168 16 0.000000
1692799912937856927 93.288200 163.230158 165 16 0.000000
1692799913914748461 105.157825 151.500931 148 16 0.000000
1692799914934368500 99.778158 168.690316 172 16 0.000000
1692799915948799910 99.730810 154.766477 157 16 0.000000
1692799916921202831 98.513255 161.455732 157 16 0.000000
1692799917940887561 99.685497 160.834001 164 16 0.000000
1692799918954918586 104.264274 153.841446 156 16 0.000000
1692799919927747443 100.816175 154.189506 150 16 0.000000
1692799920947096217 100.383596 166.773170 170 16 0.000000
1692799921961275704 100.333912 153.818903 156 16 0.000000
1692799922933692658 99.610665 161.453402 157 16 0.000000
1692799923953003084 98.283646 166.779413 170 16 0.000000
1692799924925153614 101.737362 156.354392 152 16 0.000000
1692799925938972396 110.196137 144.009934 146 16 0.000000
1692799926959007042 95.459842 172.543190 176 16 0.000000
1692799927931952037 97.869895 163.421363 159 16 0.000000
1692799928944948853 99.845720 153.011315 155 16 0.000000
1692799929965988790 98.615905 169.435119 173 16 0.000000
1692799930938354111 103.614740 155.291432 151 15 0.000000
1692799931949549150 99.640638 155.261814 157 16 0.000000
1692799932972055720 95.986044 171.148070 175 16 0.000000
1692799933944365673 99.053035 162.499623 158 16 0.000000
1692799934955884201 100.421978 153.234935 155 16 0.000000
1692799935978833222 98.115377 169.118914 173 16 0.000000
1692799936950885224 97.825406 163.571495 159 16 0.000000
1692799937923342206 103.309408 152.191798 148 16 0.000000
1692799938983978712 98.216059 161.223967 171 16 0.000000
1692799939956523683 106.666019 154.234513 150 16 0.000000
1692799940967605341 96.841053 156.268278 158 16 0.000000
1692799941990560693 94.930138 172.050531 176 16 0.000000
1692799942963127035 104.106350 156.287541 152 16 0.000000
1692799943972381235 99.061498 155.560407 157 16 0.000000
1692799944996849784 95.291188 176.676975 181 16 0.000000
1692799945969727806 96.751130 163.432615 159 16 0.000000
1692799946978129870 99.550294 157.675178 159 16 0.000000
1692799948003617982 100.505829 163.824449 168 16 0.000000
1692799948975966237 95.433947 167.635413 163 16 0.000000
1692799949984725633 103.905304 147.706159 149 16 0.000000
1692799950957186717 98.318608 157.332774 153 16 0.000000
1692799951983571887 103.646474 163.681267 168 16 0.000000
1692799952990572395 99.019852 157.894633 159 16 0.000000
1692799953963182526 98.460721 163.477631 159 16 0.000000
1692799954991112487 97.613248 168.299430 173 16 0.000000
1692799955996954586 98.518148 157.082310 158 16 0.000000
1692799956969198420 97.823318 163.539216 159 16 0.000000
1692799957997306997 101.688568 161.461550 166 16 0.000000
1692799959001810847 109.357583 142.358819 143 16 0.000000
1692799959974134930 101.868747 155.298006 151 16 0.000000
1692799961002755558 109.358283 151.659439 156 16 0.000000
