1692799811847797606 176.497772 0.000000
1692799812014271504 176.532148 0.000000
1692799812024366008 176.825957 0.000000
1692799812201343923 176.767491 0.000000
1692799812279618182 176.656472 0.000000
1692799812378063086 176.471702 0.000000
1692799812466430956 176.599469 0.000000
1692799812545109236 176.815281 0.000000
1692799812633383720 176.559326 0.000000
1692799812767624015 176.619421 0.000000
1692799812810099564 176.752089 0.000000
1692799813517892478 176.675697 0.000000
1692799813605962245 176.736463 0.000000
1692799813616118021 176.855625 0.000000
1692799814058516070 176.653209 0.000000
1692799814058620074 176.732994 0.000000
1692799814234530143 176.602908 0.000000
1692799814401746481 176.510887 0.000000
1692799814676217157 176.530679 0.000000
1692799814676454304 176.550831 0.000000
1692799814889821783 176.631860 0.000000
1692799815285809401 176.704113 0.000000
1692799815296198700 176.479731 0.000000
1692799815374272533 176.784871 0.000000
1692799815550888065 176.585863 0.000000
1692799815560958483 176.941430 0.000000
1692799815639448755 176.607178 0.000000
1692799816179898091 176.717849 0.000000
1692799816267096186 176.521053 0.000000
1692799816533309615 176.722516 0.000000
1692799816746740367 176.685435 0.000000
1692799816878143700 176.653625 0.000000
1692799816886700621 176.540107 0.000000
1692799817063634424 176.769159 0.000000
1692799817150955800 176.593140 0.000000
1692799817231946755 176.760660 0.000000
1692799817239380107 176.611487 0.000000
1692799817416084581 176.645923 0.000000
1692799817592933762 176.496435 0.000000
1692799817985158734 176.647978 0.000000
1692799818300160128 176.637509 0.000000
1692799818300951730 176.662451 0.000000
1692799818477539372 176.436625 0.000000
1692799818830425182 176.655810 0.000000
1692799818919640931 176.749714 0.000000
1692799819000547541 176.654643 0.000000
1692799819000636944 176.778331 0.000000
1692799819360926923 176.628763 0.000000
1692799819442804582 176.593024 0.000000
1692799819449511528 176.624908 0.000000
1692799819619524121 176.654999 0.000000
1692799819626484157 176.709546 0.000000
1692799819714540547 176.692947 0.000000
1692799819796745353 176.821316 0.000000
1692799819803169456 176.711466 0.000000
1692799819884921643 176.651536 0.000000
1692799819885048939 176.610441 0.000000
1692799820061813518 176.653018 0.000000
1692799820150034177 176.590754 0.000000
1692799820150276511 176.705888 0.000000
1692799820157018072 176.665959 0.000000
1692799820238651969 176.642886 0.000000
1692799820333920206 176.755298 0.000000
1692799820503897602 176.777910 0.000000
1692799820510873349 176.774412 0.000000
1692799820598897099 176.592428 0.000000
1692799820598941788 176.686151 0.000000
1692799820857746188 176.820985 0.000000
1692799820864478780 176.567220 0.000000
1692799820952757042 176.550571 0.000000
1692799821122973790 176.600778 0.000000
1692799821129344048 176.581403 0.000000
1692799821129540410 176.522631 0.000000
1692799821168519264 176.620364 0.000000
1692799821217905023 176.708293 0.000000
1692799821299799797 176.619512 0.000000
1692799821388239565 176.605198 0.000000
1692799821483122371 176.546141 0.000000
1692799821521876912 176.571374 0.000000
1692799821748767538 176.984556 0.000000
1692799821748829979 176.767301 0.000000
1692799822361126201 176.509475 0.000000
1692799822449579946 176.691945 0.000000
1692799822544449631 176.594834 0.000000
1692799822544843493 176.661870 0.000000
1692799823075514668 176.507962 0.000000
1692799823245672549 176.750887 0.000000
1692799823340841711 176.507652 0.000000
1692799823428254890 176.509450 0.000000
1692799823687844694 176.574251 0.000000
1692799823687881394 176.649005 0.000000
1692799823693947655 176.470515 0.000000
1692799823870881598 176.487239 0.000000
1692799823958941607 176.563602 0.000000
1692799824135737294 176.647031 0.000000
1692799824224155698 176.789953 0.000000
1692799824224248965 176.448614 0.000000
1692799824312455235 176.581749 0.000000
1692799824489094658 176.524505 0.000000
1692799824489278586 176.513620 0.000000
1692799824571937944 176.677000 0.000000
1692799825108184673 176.626352 0.000000
1692799825196721257 176.773610 0.000000
1692799825639179353 176.743732 0.000000
1692799825809195754 176.574822 0.000000
1692799825897916301 176.505616 0.000000
1692799825897960464 176.508649 0.000000
1692799825986279145 176.648238 0.000000
1692799825991846440 176.622344 0.000000
1692799826162891154 176.549569 0.000000
1692799826251568330 176.750601 0.000000
1692799826296959515 176.673798 0.000000
1692799826345312822 176.498334 0.000000
1692799826428262129 176.669067 0.000000
1692799826428339294 176.678479 0.000000
1692799826428420137 176.699884 0.000000
1692799826434258904 176.675948 0.000000
1692799826516982997 176.769537 0.000000
1692799826521876077 176.645352 0.000000
1692799826610360144 176.605556 0.000000
1692799826699252089 176.611914 0.000000
1692799826699322741 176.626861 0.000000
1692799826781902858 176.468060 0.000000
1692799826870357481 176.621491 0.000000
1692799827136086499 176.916307 0.000000
1692799827136159890 177.052584 0.000000
1692799827799871530 176.642576 0.000000
1692799828020289936 176.474604 0.000000
1692799828201285862 176.637133 0.000000
1692799828467211909 176.442159 0.000000
1692799828643737557 176.511571 0.000000
1692799829037572268 176.638522 0.000000
1692799829084813963 176.552816 0.000000
1692799829169972391 176.741822 0.000000
1692799829173300891 176.622905 0.000000
1692799829262678968 176.552216 0.000000
1692799829527746968 176.608191 0.000000
1692799829615149097 176.536484 0.000000
1692799829968705179 176.505261 0.000000
1692799829969588675 176.510623 0.000000
1692799830058018135 176.654464 0.000000
1692799830231551420 176.721279 0.000000
1692799830231602163 176.866582 0.000000
1692799830408505761 176.660532 0.000000
1692799830410537674 176.614951 0.000000
1692799830496755457 176.552531 0.000000
1692799830499751634 176.501803 0.000000
1692799830585142904 176.667299 0.000000
1692799830587284222 176.701474 0.000000
1692799830673459270 176.679888 0.000000
1692799831029269116 176.640921 0.000000
1692799831292786784 176.937552 0.000000
1692799831336908350 176.611754 0.000000
1692799831382840970 176.568838 0.000000
1692799831469467665 176.585483 0.000000
1692799831558184778 176.778266 0.000000
1692799831648937052 176.679070 0.000000
1692799831648983019 176.769956 0.000000
1692799831736430053 176.518447 0.000000
1692799831911940640 176.734395 0.000000
1692799831913134052 176.514633 0.000000
1692799832309664766 176.655862 0.000000
1692799832353772373 176.600648 0.000000
1692799832353907267 176.555232 0.000000
1692799832353978478 176.529728 0.000000
1692799832444278430 176.474484 0.000000
1692799832531927428 176.570533 0.000000
1692799832709437093 176.403996 0.000000
1692799832796002684 176.652574 0.000000
1692799832886346058 176.696343 0.000000
1692799832972663933 176.646074 0.000000
1692799833502675296 176.566178 0.000000
1692799833680712030 176.419828 0.000000
1692799833856289588 176.432417 0.000000
1692799833945771141 176.628724 0.000000
1692799834299143856 176.537901 0.000000
1692799834385939399 176.544508 0.000000
1692799834476219018 176.587663 0.000000
1692799834563946640 176.433314 0.000000
1692799834651086714 176.594885 0.000000
1692799834651870924 176.582801 0.000000
1692799834740388338 176.425721 0.000000
1692799835093392807 176.448644 0.000000
1692799835094579173 176.620816 0.000000
1692799835094613998 176.667274 0.000000
1692799835181258720 176.493629 0.000000
1692799835269885622 176.478994 0.000000
1692799835358400803 176.561287 0.000000
1692799835491123217 176.538064 0.000000
1692799835536227209 176.444861 0.000000
1692799835623211230 176.600447 0.000000
1692799835711648237 176.540654 0.000000
1692799835801074411 176.515209 0.000000
1692799835844474332 176.502299 0.000000
1692799835889227322 176.422709 0.000000
1692799836153652438 176.669183 0.000000
1692799836154692668 176.399727 0.000000
1692799836330886434 176.491604 0.000000
1692799836419370697 176.691054 0.000000
1692799836595978782 176.743130 0.000000
1692799836596236652 176.821282 0.000000
1692799836773691659 177.115301 0.000000
1692799836949761808 176.524020 0.000000
1692799837081389064 176.521925 0.000000
1692799837127530048 176.633444 0.000000
1692799837303038500 176.614852 0.000000
1692799837657197861 177.035245 0.000000
1692799837834391695 176.576367 0.000000
1692799837923065363 176.471377 0.000000
1692799837965580185 176.649362 0.000000
1692799838100770271 177.520188 0.000000
1692799838100815225 177.734507 0.000000
1692799838142317035 176.712488 0.000000
1692799838275580914 176.742208 0.000000
1692799838275628059 176.669544 0.000000
1692799838276880413 176.885256 0.000000
1692799838806060887 176.466330 0.000000
1692799838807534736 176.534168 0.000000
1692799838807873921 176.650249 0.000000
1692799838808695092 176.540022 0.000000
1692799838982847744 176.676896 0.000000
1692799839071376540 176.692127 0.000000
1692799839072658863 176.514483 0.000000
1692799839160179674 177.201527 0.000000
1692799839162147307 176.756637 0.000000
1692799839202824468 176.559669 0.000000
1692799839602042250 176.651051 0.000000
1692799839956105282 176.776152 0.000000
1692799839956775613 176.560331 0.000000
1692799840086731399 176.728125 0.000000
1692799840310386102 176.944113 0.000000
1692799840399019059 176.678755 0.000000
1692799840575541897 176.446846 0.000000
1692799841018219269 176.689049 0.000000
1692799841105895652 176.580527 0.000000
1692799841547566482 176.560460 0.000000
1692799841547969420 176.523764 0.000000
1692799842167990355 176.550116 0.000000
1692799842432882262 176.490277 0.000000
1692799842874995676 176.620169 0.000000
1692799843050800063 176.625271 0.000000
1692799843139637617 176.490473 0.000000
1692799843140157988 176.738209 0.000000
1692799843315897869 176.675829 0.000000
1692799843316618756 176.890868 0.000000
1692799843405710096 176.727353 0.000000
1692799843582721791 176.992846 0.000000
1692799843758551997 176.526280 0.000000
1692799843935590139 176.581058 0.000000
1692799843935621677 176.479085 0.000000
1692799844112541840 176.890890 0.000000
1692799844642345310 176.605881 0.000000
1692799844818968546 176.605334 0.000000
1692799844819275610 176.597076 0.000000
1692799844950870977 176.652068 0.000000
1692799844996655257 176.786311 0.000000
1692799845085008664 176.579475 0.000000
1692799845349909948 176.468350 0.000000
1692799845438041080 176.491538 0.000000
1692799845481428116 176.605280 0.000000
1692799845527664723 176.872072 0.000000
1692799845791485884 176.608382 0.000000
1692799845792313349 177.212758 0.000000
1692799845969253227 176.645247 0.000000
1692799846056376212 176.562279 0.000000
1692799846057186161 176.477392 0.000000
1692799846188847016 176.707824 0.000000
1692799846234596184 176.684019 0.000000
1692799846234640537 176.756156 0.000000
1692799846411802622 176.779034 0.000000
1692799846542477307 176.681001 0.000000
1692799846586891183 176.704731 0.000000
1692799846763583389 176.678034 0.000000
1692799846853537924 176.578974 0.000000
1692799846942482978 176.880746 0.000000
1692799847030239171 176.563898 0.000000
1692799847030246808 176.687402 0.000000
1692799847205486050 176.570263 0.000000
1692799847603082500 176.579178 0.000000
1692799847647722282 176.530130 0.000000
1692799847648838068 176.474199 0.000000
1692799847649309370 176.767898 0.000000
1692799847824222422 176.491053 0.000000
1692799847825413929 176.560059 0.000000
1692799848179348047 176.505959 0.000000
1692799848266435775 176.760932 0.000000
1692799848444983560 176.712640 0.000000
1692799848708872589 176.866528 0.000000
1692799848708945739 176.862739 0.000000
1692799848796987692 176.650470 0.000000
1692799848840884039 176.573000 0.000000
1692799848886268418 176.544092 0.000000
1692799848886354764 176.504199 0.000000
1692799848974024877 176.604983 0.000000
1692799848974103470 176.637730 0.000000
1692799849063688760 176.663836 0.000000
1692799849150885922 176.774268 0.000000
1692799849150928916 176.720606 0.000000
1692799849150947644 176.808387 0.000000
1692799849151120117 176.890760 0.000000
1692799849327964824 176.829316 0.000000
1692799849328021656 176.699111 0.000000
1692799849328060206 176.609274 0.000000
1692799849416317067 176.695049 0.000000
1692799849505300328 176.469158 0.000000
1692799849593254146 176.672772 0.000000
1692799849769937452 176.676546 0.000000
1692799849770421213 176.608607 0.000000
1692799849947175605 176.767457 0.000000
1692799849947408316 176.763288 0.000000
1692799850212292611 176.947010 0.000000
1692799850212330780 176.861235 0.000000
1692799850389699205 176.971061 0.000000
1692799850477093852 176.546242 0.000000
1692799850477636099 176.649006 0.000000
1692799850565694080 176.536239 0.000000
1692799850742681424 176.554432 0.000000
1692799850831785318 176.640782 0.000000
1692799851008118299 176.573582 0.000000
1692799851051175614 176.553859 0.000000
1692799851096608526 176.509227 0.000000
1692799851273500213 176.786416 0.000000
1692799851273806200 176.673329 0.000000
1692799851273925778 176.601456 0.000000
1692799851627859986 176.842171 0.000000
1692799851715393827 176.678355 0.000000
1692799851803914535 176.658258 0.000000
1692799851804792763 176.943266 0.000000
1692799851892696505 176.584747 0.000000
1692799851980782927 176.576408 0.000000
1692799852157918300 176.461600 0.000000
1692799852158132293 176.514894 0.000000
1692799852334797027 176.888605 0.000000
1692799852511169605 176.623296 0.000000
1692799852511801315 176.540685 0.000000
1692799852599415031 176.562676 0.000000
1692799852600217870 176.666307 0.000000
1692799852687921331 176.652976 0.000000
1692799852776155015 176.708871 0.000000
1692799852777045407 176.559638 0.000000
1692799852865478977 176.473343 0.000000
1692799852953873305 176.734221 0.000000
1692799853219118625 176.667079 0.000000
1692799853306540315 176.599457 0.000000
1692799853395060075 176.678671 0.000000
1692799853484215745 176.670482 0.000000
1692799853484864735 176.819038 0.000000
1692799853661589789 176.780743 0.000000
1692799853661762475 176.831026 0.000000
1692799853661975005 176.783720 0.000000
1692799853749406804 176.581184 0.000000
1692799853968964414 176.691987 0.000000
1692799854015112436 176.520999 0.000000
1692799854192439635 176.849553 0.000000
1692799854369371615 176.713792 0.000000
1692799854456332874 176.659817 0.000000
1692799854634912388 176.886715 0.000000
1692799854721316711 176.533628 0.000000
1692799854721535535 176.519340 0.000000
1692799854722281280 176.559644 0.000000
1692799854810104941 176.714019 0.000000
1692799854811519317 176.614491 0.000000
1692799854987618586 176.503595 0.000000
1692799855074872224 176.622916 0.000000
1692799855074991306 176.528422 0.000000
1692799855075508344 176.566708 0.000000
1692799855253596730 176.542084 0.000000
1692799855342163049 176.570379 0.000000
1692799855429884431 176.507787 0.000000
1692799855517608305 176.465766 0.000000
1692799855693491484 176.602233 0.000000
1692799855693639093 176.526156 0.000000
1692799855958433880 176.539197 0.000000
1692799856049271368 176.404533 0.000000
1692799856223663874 176.610729 0.000000
1692799856223934058 176.409495 0.000000
1692799856267741002 176.619328 0.000000
1692799856312030193 176.534771 0.000000
1692799856312973879 176.410132 0.000000
1692799856444377334 176.617308 0.000000
1692799856489242140 176.796766 0.000000
1692799856666034324 176.772574 0.000000
1692799856667455135 176.833300 0.000000
1692799856931315132 176.654569 0.000000
1692799857020679628 176.552281 0.000000
1692799857108833146 176.499535 0.000000
1692799857285032572 176.588681 0.000000
1692799857285997973 176.486107 0.000000
1692799857462160599 176.630018 0.000000
1692799857593769608 176.573225 0.000000
1692799857638752523 176.570304 0.000000
1692799857639572741 176.592290 0.000000
1692799857727515439 176.770550 0.000000
1692799857728223988 176.633361 0.000000
1692799857903574483 176.577411 0.000000
1692799857904086955 176.503223 0.000000
1692799857904792517 176.478274 0.000000
1692799857992743840 176.605956 0.000000
1692799858169289968 176.528010 0.000000
1692799858170170973 176.637736 0.000000
1692799858257460846 176.654470 0.000000
1692799858523706204 176.701249 0.000000
1692799858611834759 176.792220 0.000000
1692799858876828363 176.672537 0.000000
1692799859142326036 176.461589 0.000000
1692799859408055232 176.493009 0.000000
1692799859408443987 176.630539 0.000000
1692799859497039253 176.628991 0.000000
1692799859584151358 176.572665 0.000000
1692799859672415033 176.541261 0.000000
1692799859673267361 176.556988 0.000000
1692799859673634210 176.588141 0.000000
1692799860026692160 176.545566 0.000000
1692799860114499533 176.690834 0.000000
1692799860203688971 177.099356 0.000000
1692799860291090405 176.564265 0.000000
1692799860468806049 176.597497 0.000000
1692799860599183492 176.577491 0.000000
1692799860734060512 176.712616 0.000000
1692799860734491147 176.620241 0.000000
1692799860998562898 176.505303 0.000000
1692799860999166216 176.585410 0.000000
1692799860999273331 176.596726 0.000000
1692799860999565385 176.466191 0.000000
1692799861088083923 176.448942 0.000000
1692799861176488986 176.498331 0.000000
1692799861352952201 176.453452 0.000000
1692799861659957262 176.661010 0.000000
1692799861706338310 176.656198 0.000000
1692799861707201313 176.530306 0.000000
1692799861794695543 176.780398 0.000000
1692799861972376415 176.621523 0.000000
1692799862148551079 176.939033 0.000000
1692799862149261793 176.640542 0.000000
1692799862502619185 176.980900 0.000000
1692799862543821980 176.700066 0.000000
1692799862591394565 176.824291 0.000000
1692799863033206476 176.625167 0.000000
1692799863210216418 176.581851 0.000000
1692799863250609990 176.614196 0.000000
1692799863297749343 176.658133 0.000000
1692799863298179018 176.619393 0.000000
1692799863386209506 176.681826 0.000000
1692799863563253286 176.550027 0.000000
1692799863563809696 176.525452 0.000000
1692799863828789504 177.182699 0.000000
1692799864005772699 176.846302 0.000000
1692799864006119370 176.984067 0.000000
1692799864006241980 177.056140 0.000000
1692799864094378158 176.782823 0.000000
1692799864182683194 176.529659 0.000000
1692799864358995042 176.561067 0.000000
1692799864359164521 176.576654 0.000000
1692799864447629053 176.559094 0.000000
1692799864535632076 176.607105 0.000000
1692799864624341453 176.705709 0.000000
1692799864713005179 176.697400 0.000000
1692799864801444632 176.720423 0.000000
1692799864889933531 176.539407 0.000000
1692799864977782400 176.830604 0.000000
1692799864978112568 176.607621 0.000000
1692799864978370493 176.614562 0.000000
1692799865242767659 176.522528 0.000000
1692799865331738902 176.629763 0.000000
1692799865420877162 176.659228 0.000000
1692799865507847818 176.565598 0.000000
1692799865596608103 176.514454 0.000000
1692799866215801125 176.580673 0.000000
1692799866745361117 176.698388 0.000000
1692799867187348176 176.545361 0.000000
1692799867276335916 176.564220 0.000000
1692799867276595329 176.444671 0.000000
1692799867453392702 176.839687 0.000000
1692799867541543960 176.684084 0.000000
1692799867629417261 176.633020 0.000000
1692799867630524318 176.959745 0.000000
1692799867806170426 176.728673 0.000000
1692799867807278129 176.737538 0.000000
1692799867807464066 176.705829 0.000000
1692799868161308613 176.784613 0.000000
1692799868161332609 176.785455 0.000000
1692799868426495939 176.742304 0.000000
1692799868690639762 176.727460 0.000000
1692799868778926100 176.542229 0.000000
1692799869044244546 176.712471 0.000000
1692799869044291210 176.757430 0.000000
1692799869045388638 176.735152 0.000000
1692799869132709720 176.723907 0.000000
1692799869309700001 177.018928 0.000000
1692799869399358612 176.609535 0.000000
1692799869575987994 176.621814 0.000000
1692799869664232283 176.604725 0.000000
1692799869752908774 176.577601 0.000000
1692799869928928722 176.686494 0.000000
1692799869929745904 176.820817 0.000000
1692799870017541680 176.774559 0.000000
1692799870059042233 176.672011 0.000000
1692799870282516587 176.616897 0.000000
1692799870372519208 176.640412 0.000000
1692799870547870220 176.676040 0.000000
1692799870548505895 176.573076 0.000000
1692799870724818224 176.916770 0.000000
1692799870726587345 176.915306 0.000000
1692799870814364132 176.709167 0.000000
1692799870814921718 176.706193 0.000000
1692799871078511303 176.689842 0.000000
1692799871078609893 176.639104 0.000000
1692799871078624010 176.636138 0.000000
1692799871168548239 176.563559 0.000000
1692799871208626512 176.692729 0.000000
1692799871255085683 176.562817 0.000000
1692799871255166110 176.569829 0.000000
1692799871255300988 176.670307 0.000000
1692799871256494019 176.486946 0.000000
1692799871609517045 176.572449 0.000000
1692799871609705102 176.541798 0.000000
1692799871650506778 176.646031 0.000000
1692799871697387129 176.735284 0.000000
1692799871962638855 176.687483 0.000000
1692799872139555525 176.720579 0.000000
1692799872317784469 176.540555 0.000000
1692799872404636530 176.579576 0.000000
1692799872582228176 176.513248 0.000000
1692799872711531380 176.744289 0.000000
1692799873023909289 176.697991 0.000000
1692799873201253369 176.440908 0.000000
1692799873242072370 176.768852 0.000000
1692799873377665686 176.667470 0.000000
1692799873465542220 176.592250 0.000000
1692799873465590968 176.596110 0.000000
1692799873466452293 176.809732 0.000000
1692799873642637797 176.510967 0.000000
1692799873996530661 176.689161 0.000000
1692799873997259993 176.876893 0.000000
1692799874084522022 176.806985 0.000000
1692799874085776146 176.654731 0.000000
1692799874085803775 176.622616 0.000000
1692799874174161639 176.528318 0.000000
1692799874438049201 176.581942 0.000000
1692799874703648286 176.653277 0.000000
1692799874879980652 176.652812 0.000000
1692799874881220031 176.607367 0.000000
1692799874969635373 176.644086 0.000000
1692799874969701257 176.644377 0.000000
1692799875145326032 176.562176 0.000000
1692799875234654915 176.613606 0.000000
1692799875322387915 176.512716 0.000000
1692799875411386836 176.749211 0.000000
1692799875717761987 176.622963 0.000000
1692799875763883126 176.605416 0.000000
1692799876117820184 176.681849 0.000000
1692799876118330641 176.856040 0.000000
1692799876118645153 176.653894 0.000000
1692799876206425178 176.669932 0.000000
1692799876207250488 176.685332 0.000000
1692799876295380592 176.632295 0.000000
1692799876736501116 176.629959 0.000000
1692799876825903385 176.540851 0.000000
1692799876826228642 176.520267 0.000000
1692799876826265623 176.627888 0.000000
1692799877002371272 176.626039 0.000000
1692799877090800482 176.505855 0.000000
1692799877267631769 176.474342 0.000000
1692799877356232975 176.807998 0.000000
1692799877444582970 176.784729 0.000000
1692799877709852058 176.663662 0.000000
1692799877709890116 176.796848 0.000000
1692799877885880055 176.553235 0.000000
1692799877887458298 176.501655 0.000000
1692799877974247832 176.556633 0.000000
1692799877976015030 176.521261 0.000000
1692799878151774758 176.472101 0.000000
1692799878151923324 176.638784 0.000000
1692799878417860706 176.761956 0.000000
1692799878505869127 176.570821 0.000000
1692799878593428704 176.867486 0.000000
1692799878682600542 176.618071 0.000000
1692799878683054092 176.782639 0.000000
1692799878770324416 176.685203 0.000000
1692799878947217407 176.815450 0.000000
1692799879035639230 176.666453 0.000000
1692799879077218971 176.606760 0.000000
1692799879124930946 176.684385 0.000000
1692799879212136008 176.561384 0.000000
1692799879300769860 176.811782 0.000000
1692799879300810675 176.702588 0.000000
1692799879565654453 176.698162 0.000000
1692799879565744477 176.579823 0.000000
1692799879566285942 176.660735 0.000000
1692799879566711146 176.601723 0.000000
1692799879654842718 176.726277 0.000000
1692799879919569975 176.766406 0.000000
1692799880007637584 176.676853 0.000000
1692799880272779846 176.683203 0.000000
1692799880449481562 176.475024 0.000000
1692799880450925683 176.594657 0.000000
1692799880491201204 176.583802 0.000000
1692799880538622142 176.483191 0.000000
1692799880715293547 176.486811 0.000000
1692799880804240056 176.459207 0.000000
1692799880981863427 176.638273 0.000000
1692799881068877243 176.746059 0.000000
1692799881157840572 176.471936 0.000000
1692799881246038509 176.823855 0.000000
1692799881246191936 176.726549 0.000000
1692799881422876261 176.664885 0.000000
1692799881688646925 176.578133 0.000000
1692799881776604944 176.566822 0.000000
1692799881777177727 176.512039 0.000000
1692799882219089768 176.850402 0.000000
1692799882219164868 176.762322 0.000000
1692799882307299914 176.583038 0.000000
1692799882307331377 176.592055 0.000000
1692799882749759921 176.571393 0.000000
1692799882838303246 176.967745 0.000000
1692799882838453426 176.822331 0.000000
1692799882926647273 176.698990 0.000000
1692799883015079110 176.754228 0.000000
1692799883103464523 176.883393 0.000000
1692799883103794812 176.668348 0.000000
1692799883191159114 176.578158 0.000000
1692799883191204329 176.665116 0.000000
1692799883457485832 176.540365 0.000000
1692799883544600438 176.505043 0.000000
1692799883634410246 176.906492 0.000000
1692799883899656611 176.495176 0.000000
1692799883987299943 176.482802 0.000000
1692799884165056047 176.582970 0.000000
1692799884606024137 176.574479 0.000000
1692799884694979261 176.504993 0.000000
1692799884783817738 176.781877 0.000000
1692799884783863405 176.789265 0.000000
1692799884870921384 176.629738 0.000000
1692799884999914498 176.599488 0.000000
1692799885048573357 176.796006 0.000000
1692799885314137215 176.779757 0.000000
1692799885401043697 176.652206 0.000000
1692799885490643075 176.519110 0.000000
1692799885490827855 176.680907 0.000000
1692799885490895152 176.504111 0.000000
1692799885667663563 176.503319 0.000000
1692799885667748191 176.488362 0.000000
1692799885844508412 176.487682 0.000000
1692799885932989172 176.434469 0.000000
1692799886020688765 176.386918 0.000000
1692799886021591505 176.874062 0.000000
1692799886373550802 176.505315 0.000000
1692799886374263054 176.629673 0.000000
1692799886463298260 176.553281 0.000000
1692799886550284337 176.713713 0.000000
1692799886551517978 176.438990 0.000000
1692799886727172658 176.592651 0.000000
1692799886727745118 176.634460 0.000000
1692799886816687669 176.799723 0.000000
1692799886992281146 176.681329 0.000000
1692799886993295457 176.586955 0.000000
1692799887080454596 176.720099 0.000000
1692799887258245933 176.537038 0.000000
1692799887787908631 176.665752 0.000000
1692799887876375710 176.616939 0.000000
1692799887964902342 176.658737 0.000000
1692799888141620532 176.692405 0.000000
1692799888358749447 176.573979 0.000000
1692799888406807774 176.768010 0.000000
1692799888672459126 176.667952 0.000000
1692799888848876396 176.611441 0.000000
1692799888849681504 176.558523 0.000000
1692799888937327873 176.737224 0.000000
1692799889025652675 176.753913 0.000000
1692799889026319221 176.741243 0.000000
1692799889114965246 176.720028 0.000000
1692799889291468897 176.854547 0.000000
1692799889291524145 176.878422 0.000000
1692799889379693325 176.756773 0.000000
1692799889379812412 176.580475 0.000000
1692799889468523183 177.046458 0.000000
1692799889507748907 176.597744 0.000000
1692799889822065744 176.642578 0.000000
1692799889822867800 176.970135 0.000000
1692799889910214211 176.654295 0.000000
1692799889910302702 176.735429 0.000000
1692799889911410063 176.867031 0.000000
1692799889999751439 176.872489 0.000000
1692799890000031190 177.032506 0.000000
1692799890086893290 176.655404 0.000000
1692799890088417637 176.967600 0.000000
1692799890088480237 176.850226 0.000000
1692799890353839190 176.732047 0.000000
1692799890391832305 176.655394 0.000000
1692799890617602468 176.737369 0.000000
1692799890619165059 176.709474 0.000000
1692799890707228404 176.626993 0.000000
1692799890707356031 176.534582 0.000000
1692799890972162317 176.488389 0.000000
1692799890972582495 176.551312 0.000000
1692799891059640559 176.726614 0.000000
1692799891060430583 176.662370 0.000000
1692799891149040032 176.705114 0.000000
1692799891236649595 176.595795 0.000000
1692799891413241246 176.676212 0.000000
1692799891856577161 176.536557 0.000000
1692799891943867873 176.671977 0.000000
1692799892385947295 176.611527 0.000000
1692799892563907479 176.498849 0.000000
1692799892564032405 176.573803 0.000000
1692799892828171549 176.495186 0.000000
1692799892917252100 176.590729 0.000000
1692799893004792523 176.593604 0.000000
1692799893004842073 176.718375 0.000000
1692799893094415205 176.644157 0.000000
1692799893181505786 176.646749 0.000000
1692799893182262572 176.613913 0.000000
1692799893182308820 176.655363 0.000000
1692799893271232250 176.592562 0.000000
1692799893359335749 176.580378 0.000000
1692799893359371690 176.558558 0.000000
1692799893447306201 176.496354 0.000000
1692799893624685980 176.715328 0.000000
1692799893889706835 176.532001 0.000000
1692799894066512109 176.767358 0.000000
1692799894155357317 176.757355 0.000000
1692799894155464646 176.841311 0.000000
1692799894242618473 176.740172 0.000000
1692799894243367816 176.476528 0.000000
1692799894331813952 176.527446 0.000000
1692799894685926681 176.495427 0.000000
1692799894773632172 176.800161 0.000000
1692799894773685376 176.645155 0.000000
1692799894861843416 176.600586 0.000000
1692799895254814021 176.673610 0.000000
1692799895304046470 176.501982 0.000000
1692799895391835186 176.633312 0.000000
1692799895392589275 176.774757 0.000000
1692799895431403126 176.558398 0.000000
1692799895568650521 176.520996 0.000000
1692799895568918415 176.525261 0.000000
1692799895569156559 176.559651 0.000000
1692799895657815775 176.605448 0.000000
1692799895745384167 176.762112 0.000000
1692799895834483111 177.001648 0.000000
1692799895834666598 176.838419 0.000000
1692799895923523604 176.596722 0.000000
1692799896011770690 176.999575 0.000000
1692799896277066451 176.713263 0.000000
1692799896365392542 176.476788 0.000000
1692799896453291403 176.625619 0.000000
1692799896541120492 176.747403 0.000000
1692799896541259631 176.636594 0.000000
1692799896630427881 176.719278 0.000000
1692799896718654485 176.585403 0.000000
1692799896806229182 176.460569 0.000000
1692799896894691430 176.548638 0.000000
1692799896983715324 176.386559 0.000000
1692799897160008706 176.648518 0.000000
1692799897336779573 176.760217 0.000000
1692799897513488867 176.696194 0.000000
1692799897513783433 176.777719 0.000000
1692799897957105141 176.887559 0.000000
1692799898045140676 176.587902 0.000000
1692799898133716983 176.589987 0.000000
1692799898222043715 176.563235 0.000000
1692799898751660176 176.542452 0.000000
1692799898928732848 176.640309 0.000000
1692799898929826808 176.563353 0.000000
1692799899055851891 176.557080 0.000000
1692799899106462436 176.574591 0.000000
1692799899193697463 176.737720 0.000000
1692799899283404397 176.850728 0.000000
1692799899371584954 177.015888 0.000000
1692799899460127719 176.654256 0.000000
1692799899460156380 176.737445 0.000000
1692799899547577545 176.546185 0.000000
1692799899812541309 176.675846 0.000000
1692799899813471223 176.581001 0.000000
1692799899900985659 176.629784 0.000000
1692799899989682398 176.762669 0.000000
1692799900166768127 176.723662 0.000000
1692799900167020229 176.569122 0.000000
1692799900520083957 176.702955 0.000000
1692799900608384328 176.692896 0.000000
1692799900647540665 176.730102 0.000000
1692799900962458166 176.816814 0.000000
1692799901050696437 176.881580 0.000000
1692799901139825572 176.500273 0.000000
1692799901316302766 177.002053 0.000000
1692799901316508349 177.049221 0.000000
1692799901316590761 176.752434 0.000000
1692799901493537242 176.461043 0.000000
1692799901581564052 176.631162 0.000000
1692799901581972117 176.677400 0.000000
1692799901759236558 176.777633 0.000000
1692799901845940203 176.671361 0.000000
1692799901846465134 176.608515 0.000000
1692799901935196839 176.536277 0.000000
1692799902023278230 176.575092 0.000000
1692799902200111944 176.747401 0.000000
1692799902201068510 176.609236 0.000000
1692799902288279200 176.672339 0.000000
1692799902289523405 176.582956 0.000000
1692799902376787420 176.606129 0.000000
1692799902554333467 176.487744 0.000000
1692799902680824107 176.610725 0.000000
1692799902730469241 176.726925 0.000000
1692799902907574366 176.843826 0.000000
1692799903122647835 176.579046 0.000000
1692799903173402005 176.603904 0.000000
1692799903262039475 176.683730 0.000000
1692799903614423944 176.567299 0.000000
1692799903703602543 176.669161 0.000000
1692799903791768856 176.728726 0.000000
1692799903792581242 176.495422 0.000000
1692799904056243351 176.620538 0.000000
1692799904272004080 176.949769 0.000000
1692799904322530705 176.520345 0.000000
1692799904587029742 176.571574 0.000000
1692799904675576050 176.489758 0.000000
1692799904676118232 176.644444 0.000000
1692799904763805957 176.754069 0.000000
1692799905118130544 176.645746 0.000000
1692799905206040913 176.761305 0.000000
1692799905295240636 176.841883 0.000000
1692799905383016547 176.584674 0.000000
1692799905383529195 176.679154 0.000000
1692799905472102341 176.854538 0.000000
1692799905649481714 176.686777 0.000000
1692799905862884967 176.548121 0.000000
1692799906090898531 176.493542 0.000000
1692799906091538540 176.750675 0.000000
1692799906091601356 176.726048 0.000000
1692799906179360724 176.686541 0.000000
1692799906179723643 176.542695 0.000000
1692799906267683677 176.589566 0.000000
1692799906356155497 176.784850 0.000000
1692799906621546570 176.623404 0.000000
1692799906799532210 176.946867 0.000000
1692799906886448615 176.497632 0.000000
1692799907064149833 176.531611 0.000000
1692799907064434726 176.574611 0.000000
1692799907329282194 176.535455 0.000000
1692799907771307597 176.507369 0.000000
1692799907858750513 176.650398 0.000000
1692799907859207481 176.574687 0.000000
1692799907947868747 176.545970 0.000000
1692799907948811726 176.566984 0.000000
1692799908300646445 176.592333 0.000000
1692799908390330215 176.530508 0.000000
1692799908478162337 176.670354 0.000000
1692799908743543547 176.782820 0.000000
1692799908743792827 176.861293 0.000000
1692799908831294795 176.555341 0.000000
1692799908920291396 176.621752 0.000000
1692799908920371618 176.559551 0.000000
1692799908920480531 176.430892 0.000000
1692799909185300224 176.664175 0.000000
1692799909185522251 176.648723 0.000000
1692799909273820247 176.441165 0.000000
1692799909538351204 176.648067 0.000000
1692799909538683106 176.911731 0.000000
1692799909626852518 176.653971 0.000000
1692799909627533718 176.807995 0.000000
1692799909715866960 176.524464 0.000000
1692799909892122764 176.755387 0.000000
1692799909892213040 176.692004 0.000000
1692799909980710233 176.640555 0.000000
1692799910069227725 176.804697 0.000000
1692799910105856652 176.653800 0.000000
1692799910600756063 176.841112 0.000000
1692799910688413001 176.539304 0.000000
1692799910777257787 176.467548 0.000000
1692799911131005510 176.605298 0.000000
1692799911218384006 176.608389 0.000000
1692799911308522990 176.848369 0.000000
1692799911572629830 176.538783 0.000000
1692799911697531579 176.605643 0.000000
1692799911750144396 176.501863 0.000000
1692799911925984676 176.537735 0.000000
1692799912102712324 176.832828 0.000000
1692799912457351644 176.810274 0.000000
1692799912457381519 176.659609 0.000000
1692799912545259472 176.901046 0.000000
1692799912810787619 176.767830 0.000000
1692799912898938939 176.751438 0.000000
1692799912987477915 176.681134 0.000000
1692799912987543653 176.762854 0.000000
1692799912987768436 176.525763 0.000000
1692799913340998086 176.787316 0.000000
1692799913341270495 176.499501 0.000000
1692799913429612262 176.749022 0.000000
1692799913429658500 176.814936 0.000000
1692799913429758287 176.690932 0.000000
1692799913517805314 176.772196 0.000000
1692799913960514398 176.511665 0.000000
1692799913960543732 176.504509 0.000000
1692799914048461217 176.667688 0.000000
1692799914137366084 176.834807 0.000000
1692799914226013223 176.753392 0.000000
1692799914756406876 176.703722 0.000000
1692799914845661207 176.648569 0.000000
1692799914933865820 176.522907 0.000000
1692799915110484153 176.787542 0.000000
1692799915110641810 176.942953 0.000000
1692799915111041029 177.168483 0.000000
1692799915464837654 176.609843 0.000000
1692799915730160273 176.895783 0.000000
1692799915730248743 176.886186 0.000000
1692799915818615865 176.608440 0.000000
1692799915906746086 176.563667 0.000000
1692799916082814118 176.529447 0.000000
1692799916171161818 176.626988 0.000000
1692799916259868306 176.509827 0.000000
1692799916348826422 176.584551 0.000000
1692799916525459079 176.609338 0.000000
1692799916702273599 176.609584 0.000000
1692799916790726194 177.197465 0.000000
1692799916967638672 176.728566 0.000000
1692799917232602838 176.606260 0.000000
1692799917233084458 176.582907 0.000000
1692799917409460648 176.612280 0.000000
1692799917586779682 176.595626 0.000000
1692799917763286932 176.491012 0.000000
1692799917850975184 176.642781 0.000000
1692799918028518214 176.495758 0.000000
1692799918116500340 176.447566 0.000000
1692799918293595207 176.750862 0.000000
1692799918735725691 176.755708 0.000000
1692799918735747086 176.955559 0.000000
1692799919089225861 176.592579 0.000000
1692799919443084475 176.501707 0.000000
1692799919530991742 176.635338 0.000000
1692799920061825059 176.720777 0.000000
1692799920416461026 176.749073 0.000000
1692799920503730649 176.624393 0.000000
1692799920504662513 176.678869 0.000000
1692799920504708500 176.670670 0.000000
1692799921035308273 176.611583 0.000000
1692799921388649774 176.399694 0.000000
1692799921476745264 176.704794 0.000000
1692799921477743436 177.137606 0.000000
1692799921653536028 176.527603 0.000000
1692799921742388955 176.454959 0.000000
1692799921743115942 176.802818 0.000000
1692799921830274091 176.677115 0.000000
1692799921830740606 176.537370 0.000000
1692799921831126534 176.463017 0.000000
1692799921831582064 176.551377 0.000000
1692799921919903916 176.596237 0.000000
1692799922006949878 176.650408 0.000000
1692799922007476002 176.500796 0.000000
1692799922008236888 176.570643 0.000000
1692799922226222143 176.541394 0.000000
1692799922272563323 176.541033 0.000000
1692799922448892821 176.672745 0.000000
1692799922449910734 176.455715 0.000000
1692799922626757038 176.650108 0.000000
1692799922803008173 176.509180 0.000000
1692799922892037611 176.748001 0.000000
1692799923068749913 176.595816 0.000000
1692799923156255410 176.859470 0.000000
1692799923156364985 176.735040 0.000000
1692799923421630958 176.560720 0.000000
1692799923510720726 176.871517 0.000000
1692799923598578904 176.900610 0.000000
1692799923640637352 176.529928 0.000000
1692799923686801960 176.600322 0.000000
1692799923687195400 176.857305 0.000000
1692799923952527317 176.878243 0.000000
1692799924040553405 176.512156 0.000000
1692799924128713580 176.552004 0.000000
1692799924217157355 176.639132 0.000000
1692799924394395120 176.625164 0.000000
1692799924482664930 176.503918 0.000000
1692799924570655511 176.583447 0.000000
1692799924747413008 176.650228 0.000000
1692799924747493887 176.491714 0.000000
1692799924836431285 176.552691 0.000000
1692799924836668397 176.661539 0.000000
1692799925013130232 176.962064 0.000000
1692799925013200581 176.500936 0.000000
1692799925055376984 176.619403 0.000000
1692799925101516783 177.017379 0.000000
1692799925101566266 176.559540 0.000000
1692799925189551928 176.614736 0.000000
1692799925278779888 176.859529 0.000000
1692799925455207833 176.632392 0.000000
1692799925721063679 176.635719 0.000000
1692799925808761839 176.497492 0.000000
1692799925809109077 176.527587 0.000000
1692799925896756168 176.655926 0.000000
1692799925897059454 176.694757 0.000000
1692799925897242089 176.562614 0.000000
1692799925897727338 176.635544 0.000000
1692799926073764980 176.506198 0.000000
1692799926074218404 176.720785 0.000000
1692799926161843591 176.615687 0.000000
1692799926162559266 176.940814 0.000000
1692799926250731554 176.608291 0.000000
1692799926428108417 176.576841 0.000000
1692799926870107011 176.895188 0.000000
1692799926870200273 176.958775 0.000000
1692799926958146896 176.536208 0.000000
1692799927046377160 176.580938 0.000000
1692799927135644301 176.630383 0.000000
1692799927224047782 176.597460 0.000000
1692799927312372746 176.713405 0.000000
1692799927754874525 176.766760 0.000000
1692799927795789796 176.681927 0.000000
1692799927842291150 176.599385 0.000000
1692799927843267211 176.491514 0.000000
1692799928020073357 176.750311 0.000000
1692799928108010944 177.039278 0.000000
1692799928196841850 176.762208 0.000000
1692799928196922297 176.766894 0.000000
1692799928373418838 176.775750 0.000000
1692799928373447269 176.597672 0.000000
1692799928373796091 176.716312 0.000000
1692799928461922011 176.534639 0.000000
1692799928549956935 176.522561 0.000000
1692799928815052116 176.651566 0.000000
1692799928856492118 176.584250 0.000000
1692799929298316541 176.579714 0.000000
1692799929345537640 176.682177 0.000000
1692799929433747525 176.663719 0.000000
1692799929610735791 176.607644 0.000000
1692799929611657415 176.616656 0.000000
1692799929612074365 176.565953 0.000000
1692799929788596455 176.589396 0.000000
1692799930054097581 176.549268 0.000000
1692799930142470847 176.575845 0.000000
1692799930142535562 176.558615 0.000000
1692799930181936374 176.604430 0.000000
1692799930317930750 176.638050 0.000000
1692799930358592922 176.626753 0.000000
1692799930407813494 176.733412 0.000000
1692799930584201046 176.560549 0.000000
1692799930584556052 176.678855 0.000000
1692799930584671485 176.663485 0.000000
1692799930671692395 176.524976 0.000000
1692799930672622113 176.604346 0.000000
1692799930761095863 176.598723 0.000000
1692799930761419796 176.565792 0.000000
1692799930937716407 176.668226 0.000000
1692799931114532476 176.578572 0.000000
1692799931202987237 176.519554 0.000000
1692799931379674832 176.551940 0.000000
1692799931380013826 176.558249 0.000000
1692799931596303005 176.565014 0.000000
1692799931644501734 176.794529 0.000000
1692799931732733611 176.494576 0.000000
1692799931821994438 176.728540 0.000000
1692799931822097327 176.695378 0.000000
1692799932086420060 176.751965 0.000000
1692799932391338893 176.609348 0.000000
1692799932528901182 176.648029 0.000000
1692799932529373822 176.521088 0.000000
1692799932617659735 176.564614 0.000000
1692799932794949456 176.663409 0.000000
1692799932970975261 176.512859 0.000000
1692799933148300079 176.678850 0.000000
1692799933148382246 176.487540 0.000000
1692799933324526922 176.665604 0.000000
1692799933325052606 176.687415 0.000000
1692799933413385568 176.579611 0.000000
1692799933589986482 176.585714 0.000000
1692799933943509737 176.571561 0.000000
1692799934121119839 176.782587 0.000000
1692799934209073644 176.579414 0.000000
1692799934298018294 176.809078 0.000000
1692799934386677330 176.823742 0.000000
1692799934475361561 176.654188 0.000000
1692799934563013323 176.449326 0.000000
1692799934651005056 176.527523 0.000000
1692799934651474950 176.500279 0.000000
1692799934651980596 176.560911 0.000000
1692799934739304305 176.602848 0.000000
1692799934739695139 176.458743 0.000000
1692799935006072614 176.488902 0.000000
1692799935093066536 176.543872 0.000000
1692799935269627968 176.651387 0.000000
1692799935446781367 176.811424 0.000000
1692799935535047023 176.709617 0.000000
1692799935711977383 176.790655 0.000000
1692799935711980947 176.839158 0.000000
1692799935890415723 176.641388 0.000000
1692799935977338463 176.699238 0.000000
1692799935977432532 176.766103 0.000000
1692799935978220020 176.518767 0.000000
1692799936154390356 176.739506 0.000000
1692799936155528159 176.705171 0.000000
1692799936242416240 176.613674 0.000000
1692799936596050524 176.648423 0.000000
1692799936597339948 176.508426 0.000000
1692799936685583308 176.595911 0.000000
1692799936773153405 176.474482 0.000000
1692799936861821682 176.535662 0.000000
1692799936950047665 176.488913 0.000000
1692799937126347138 176.674250 0.000000
1692799937127000007 176.523568 0.000000
1692799937254918657 176.503978 0.000000
1692799937302948603 176.576903 0.000000
1692799937304022888 176.798709 0.000000
1692799937391754616 176.484178 0.000000
1692799937392020179 176.485084 0.000000
1692799937392405085 176.894647 0.000000
1692799937569349517 176.627182 0.000000
1692799938010017506 176.616835 0.000000
1692799938011347255 176.568773 0.000000
1692799938011488604 176.541901 0.000000
1692799938098615180 176.716212 0.000000
1692799938098622697 176.676069 0.000000
1692799938275768203 176.548196 0.000000
1692799938315290382 176.770122 0.000000
1692799938895091711 176.691164 0.000000
1692799938895186426 176.597115 0.000000
1692799939072052542 176.945050 0.000000
1692799939072231654 177.025753 0.000000
1692799939160183534 176.693009 0.000000
1692799939248948357 176.591888 0.000000
1692799939513313645 176.718137 0.000000
1692799939514277167 176.690953 0.000000
1692799939778793989 176.611697 0.000000
1692799939867913240 176.599174 0.000000
1692799939955967624 176.897494 0.000000
1692799940309723812 176.528722 0.000000
1692799940310215837 176.790044 0.000000
1692799940575634496 176.617277 0.000000
1692799940664441557 176.900055 0.000000
1692799940752855348 176.520667 0.000000
1692799940840503146 176.754551 0.000000
1692799940841566465 176.848855 0.000000
1692799940967605341 176.603319 0.000000
1692799941194777860 176.522737 0.000000
1692799941724698972 176.743345 0.000000
1692799941724790756 176.633515 0.000000
1692799941725029336 176.821291 0.000000
1692799941900956708 176.615994 0.000000
1692799942343832804 176.528269 0.000000
1692799942381583106 176.558621 0.000000
1692799942520361620 176.513876 0.000000
1692799942520950908 176.943599 0.000000
1692799942874434505 176.638531 0.000000
1692799942962466470 176.616446 0.000000
1692799943051233114 176.459680 0.000000
1692799943139771825 176.636936 0.000000
1692799943493634837 176.538895 0.000000
1692799943758331815 176.530511 0.000000
1692799943934292586 176.588141 0.000000
1692799944023097272 176.651256 0.000000
1692799944110936253 176.626764 0.000000
1692799944199653823 176.485751 0.000000
1692799944200112690 176.693454 0.000000
1692799944377066325 176.758811 0.000000
1692799944907963473 176.824535 0.000000
1692799945172888805 176.601651 0.000000
1692799945173390062 176.713190 0.000000
1692799945173411792 176.806463 0.000000
1692799945350045433 176.733422 0.000000
1692799945350432664 177.032559 0.000000
1692799945438955491 176.671298 0.000000
1692799945439108114 176.683491 0.000000
1692799945526413289 176.585498 0.000000
1692799945652192265 176.575063 0.000000
1692799945792500750 176.498210 0.000000
1692799945880495055 176.584631 0.000000
1692799946057844385 177.229993 0.000000
1692799946058007745 176.795397 0.000000
1692799946235147052 176.683766 0.000000
1692799946411431209 176.502770 0.000000
1692799946588974656 176.668531 0.000000
1692799946589192368 176.750407 0.000000
1692799946942771068 176.856213 0.000000
1692799947154751569 176.598426 0.000000
1692799947206302161 176.635284 0.000000
1692799947207231087 176.550861 0.000000
1692799947383356245 176.561422 0.000000
1692799947384222135 176.451502 0.000000
1692799947384369613 176.523820 0.000000
1692799947471792608 176.571446 0.000000
1692799947560121807 176.715601 0.000000
1692799947560585736 176.601305 0.000000
1692799947649370981 176.608637 0.000000
1692799947737536515 176.587433 0.000000
1692799947862144306 176.716067 0.000000
1692799948002211512 176.619487 0.000000
1692799948180259636 176.766981 0.000000
1692799948180310344 176.955398 0.000000
1692799948444502128 176.501328 0.000000
1692799948798972930 176.568017 0.000000
1692799948886780154 176.866147 0.000000
1692799949417832670 176.784647 0.000000
1692799949417988247 176.697539 0.000000
1692799949506117681 176.711648 0.000000
1692799949683347073 176.994344 0.000000
1692799949683582215 177.002303 0.000000
1692799949860033210 176.892232 0.000000
1692799949860226274 176.663194 0.000000
1692799949860394691 176.686082 0.000000
1692799950037101752 176.910948 0.000000
1692799950037371014 176.936175 0.000000
1692799950125603352 176.824559 0.000000
1692799950125814263 176.871158 0.000000
1692799950479001493 176.642085 0.000000
1692799950479529421 176.946358 0.000000
1692799950479783683 176.954000 0.000000
1692799950745340891 176.817713 0.000000
1692799950745391128 176.847979 0.000000
1692799950745415129 176.932341 0.000000
1692799950833891234 176.640852 0.000000
1692799951010841471 176.738885 0.000000
1692799951186607443 176.810789 0.000000
1692799951186638921 176.882826 0.000000
1692799951187686218 176.524867 0.000000
1692799951364467126 176.461805 0.000000
1692799951452338479 176.544383 0.000000
1692799951452638242 176.542343 0.000000
1692799951717300016 176.652880 0.000000
1692799951717882472 176.708996 0.000000
1692799951718316882 176.940655 0.000000
1692799951805977330 176.517826 0.000000
1692799951805986636 176.720563 0.000000
1692799952071334918 176.628247 0.000000
1692799952424793714 176.748026 0.000000
1692799952425189480 176.732300 0.000000
1692799952602644543 176.618300 0.000000
1692799952603136051 176.563248 0.000000
1692799952779017812 176.804131 0.000000
1692799952956073540 176.690543 0.000000
1692799953044447588 176.721985 0.000000
1692799953663535119 176.838211 0.000000
1692799953752384769 177.297646 0.000000
1692799953753169861 177.241360 0.000000
1692799953841259107 176.731378 0.000000
1692799953928339981 176.488924 0.000000
1692799953929586352 176.433686 0.000000
1692799954139848788 176.641805 0.000000
1692799954194277069 176.466626 0.000000
1692799954316506880 176.632954 0.000000
1692799954371653181 176.575861 0.000000
1692799954548244899 176.743671 0.000000
1692799954636720654 176.773752 0.000000
1692799954670041990 176.623087 0.000000
1692799954812694023 176.717967 0.000000
1692799954902368207 176.879132 0.000000
1692799955343578634 176.691615 0.000000
1692799955344348450 176.875518 0.000000
1692799955432876772 176.715827 0.000000
1692799955698577489 176.889926 0.000000
1692799955698690953 176.859936 0.000000
1692799955874917461 176.635118 0.000000
1692799955875371413 176.651181 0.000000
1692799955963996521 176.666041 0.000000
1692799956051830953 176.472120 0.000000
1692799956227833530 176.598644 0.000000
1692799956261888879 176.545805 0.000000
1692799956405020435 176.580229 0.000000
1692799956494013197 176.462969 0.000000
1692799956494138092 176.588521 0.000000
1692799956581630560 176.576487 0.000000
1692799956847424699 176.524166 0.000000
1692799956935423635 176.460524 0.000000
1692799956936452989 176.733298 0.000000
1692799957024578384 176.675939 0.000000
1692799957289702655 176.555544 0.000000
1692799957378217546 176.585625 0.000000
1692799957466736958 176.862678 0.000000
1692799957554283656 176.492967 0.000000
1692799957555053858 176.637289 0.000000
1692799957642672063 176.524485 0.000000
1692799957642856527 176.462809 0.000000
1692799957676239381 176.648621 0.000000
1692799957731252552 176.547751 0.000000
1692799957820237594 176.642057 0.000000
1692799957995612724 176.669429 0.000000
1692799958085138237 176.590821 0.000000
1692799958172180662 176.546674 0.000000
1692799958172534846 176.542559 0.000000
1692799958173742166 176.449658 0.000000
1692799958261591098 176.443729 0.000000
1692799958437592742 176.824575 0.000000
1692799958438803019 176.641960 0.000000
1692799958526209421 176.616742 0.000000
1692799958526862816 176.593492 0.000000
1692799958824948550 176.597708 0.000000
1692799958879893873 176.667109 0.000000
1692799958968695837 176.642576 0.000000
1692799959144825575 176.735518 0.000000
1692799959410986007 176.610496 0.000000
1692799959587954607 176.712695 0.000000
1692799959852514740 176.569222 0.000000
1692799959853210600 176.603000 0.000000
1692799959940396232 176.670356 0.000000
1692799959941627192 176.559653 0.000000
1692799960294181349 176.671123 0.000000
1692799960294273905 176.694987 0.000000
1692799960382489008 176.600693 0.000000
1692799960383267234 176.546748 0.000000
1692799960560168232 176.583078 0.000000
1692799960592722002 176.688075 0.000000
1692799960736221833 176.551404 0.000000
1692799960736909964 176.680119 0.000000
1692799960824661073 176.636658 0.000000
1692799961001937615 176.637354 0.000000
1692799961001962868 176.670075 0.000000
