1692799619243691977 145.449732 0.000000
1692799619387971971 145.055741 0.000000
1692799619460093498 145.283749 0.000000
1692799619497784941 145.062164 0.000000
1692799619534173996 145.230870 0.000000
1692799619605838626 144.797828 0.000000
1692799619750938980 145.098000 0.000000
1692799619823866050 144.990849 0.000000
1692799619859887286 145.208719 0.000000
1692799619897109096 144.756881 0.000000
1692799619933201453 145.053517 0.000000
1692799620078091644 145.391152 0.000000
1692799620079537300 145.333544 0.000000
1692799620079639001 145.384900 0.000000
1692799620115323853 145.125282 0.000000
1692799620151931190 145.122378 0.000000
1692799620223209782 145.077462 0.000000
1692799620296283018 144.738665 0.000000
1692799620405398217 144.918996 0.000000
1692799620441330254 145.213689 0.000000
1692799620479158172 144.918164 0.000000
1692799620623395888 145.248975 0.000000
1692799620624148992 145.176589 0.000000
1692799620697141407 145.431940 0.000000
1692799620806377070 145.018461 0.000000
1692799620841248006 145.047938 0.000000
1692799620914974436 145.204811 0.000000
1692799620951820060 144.984979 0.000000
1692799620987453705 144.998342 0.000000
1692799621170069964 145.544010 0.000000
1692799621205443961 145.112788 0.000000
1692799621206308916 146.037054 0.000000
1692799621496773343 145.388166 0.000000
1692799621496802157 145.200483 0.000000
1692799621606255589 145.052835 0.000000
1692799621826002986 145.849582 0.000000
1692799621826138109 145.924973 0.000000
1692799621873746019 145.209099 0.000000
1692799622006383282 145.098902 0.000000
1692799622115988551 145.300612 0.000000
1692799622152085660 145.198141 0.000000
1692799622189457811 144.811152 0.000000
1692799622480473982 144.873128 0.000000
1692799622588800598 144.685575 0.000000
1692799622589622022 145.105434 0.000000
1692799622699063834 145.010356 0.000000
1692799622953300369 145.059000 0.000000
1692799623026448955 145.152265 0.000000
1692799623172004684 144.935644 0.000000
1692799623207322307 145.100495 0.000000
1692799623825987524 145.642774 0.000000
1692799623972227428 145.539029 0.000000
1692799624154533012 145.027629 0.000000
1692799624226084088 145.256677 0.000000
1692799624444822799 145.168995 0.000000
1692799624698543142 145.048898 0.000000
1692799624699832634 145.295802 0.000000
1692799624700047768 145.422911 0.000000
1692799624880758596 145.149075 0.000000
1692799624989522023 145.117487 0.000000
1692799625099526702 144.808085 0.000000
1692799625135316342 144.731713 0.000000
1692799625280708214 145.390280 0.000000
1692799625365820554 145.186767 0.000000
1692799625535923164 145.144837 0.000000
1692799625572111954 145.592590 0.000000
1692799625682045067 145.100304 0.000000
1692799625790017559 145.113951 0.000000
1692799625826202942 145.119541 0.000000
1692799625827387437 144.894889 0.000000
1692799625862745035 144.749214 0.000000
1692799625973504301 145.187167 0.000000
1692799626008056699 145.309931 0.000000
1692799626080800733 145.274762 0.000000
1692799626081231132 145.128508 0.000000
1692799626092431200 145.074075 0.000000
1692799626298926171 145.393003 0.000000
1692799626298958322 145.456112 0.000000
1692799626409173225 145.388154 0.000000
1692799626409407745 145.533577 0.000000
1692799626446237168 145.396310 0.000000
1692799626481662493 144.929643 0.000000
1692799626481754816 145.048878 0.000000
1692799626626799107 145.134991 0.000000
1692799626662869623 145.320668 0.000000
1692799626773036998 144.916049 0.000000
1692799626773228408 145.181577 0.000000
1692799626846126773 144.944021 0.000000
1692799626881057079 145.330618 0.000000
1692799627063960966 145.248123 0.000000
1692799627208509824 145.090516 0.000000
1692799627209264471 144.867627 0.000000
1692799627244968582 145.405679 0.000000
1692799627354733819 145.066340 0.000000
1692799627427054520 145.476059 0.000000
1692799627427298027 145.338681 0.000000
1692799627572743010 145.012500 0.000000
1692799627718216795 144.970400 0.000000
1692799627863824974 145.528158 0.000000
1692799627972652821 145.130842 0.000000
1692799627973636780 144.924596 0.000000
1692799628083016363 144.832682 0.000000
1692799628155360547 145.309787 0.000000
1692799628300651079 145.257429 0.000000
1692799628409375553 145.037446 0.000000
1692799628592347136 144.983625 0.000000
1692799628708565517 144.919175 0.000000
1692799628845923318 145.183100 0.000000
1692799628881797905 145.224266 0.000000
1692799628918975563 144.968928 0.000000
1692799628954479674 145.133817 0.000000
1692799628954537423 144.697838 0.000000
1692799629245820884 145.834182 0.000000
1692799629282266906 145.024391 0.000000
1692799629283052282 145.205251 0.000000
1692799629363069270 145.189892 0.000000
1692799629428139831 144.640319 0.000000
1692799629464434660 145.247189 0.000000
1692799629573674853 145.533649 0.000000
1692799629718778753 145.101816 0.000000
1692799629718902876 145.370410 0.000000
1692799629792410457 144.811783 0.000000
1692799630118625875 145.325577 0.000000
1692799630119293690 144.991670 0.000000
1692799630265009080 144.825619 0.000000
1692799630336957751 144.830697 0.000000
1692799630373104271 144.997020 0.000000
1692799630483380319 144.728326 0.000000
1692799630627806906 145.006286 0.000000
1692799630736610739 145.436095 0.000000
1692799630773594161 145.002661 0.000000
1692799630883007429 144.963077 0.000000
1692799630954728893 145.254063 0.000000
1692799630993095182 145.375020 0.000000
1692799631137097392 145.351254 0.000000
1692799631137108793 145.077400 0.000000
1692799631172924402 145.300300 0.000000
1692799631211159834 145.004471 0.000000
1692799631247043791 144.932117 0.000000
1692799631392181165 145.027829 0.000000
1692799631427891914 144.980538 0.000000
1692799631500885779 145.108089 0.000000
1692799631573029709 145.135450 0.000000
1692799631610363789 145.094203 0.000000
1692799631938273238 144.787345 0.000000
1692799631973641045 144.956153 0.000000
1692799632082097445 145.207546 0.000000
1692799632191478520 145.302904 0.000000
1692799632228192015 144.689571 0.000000
1692799632486765291 144.907710 0.000000
1692799632631615154 144.848350 0.000000
1692799632701175650 145.034400 0.000000
1692799632736408582 145.293456 0.000000
1692799632809882019 144.873085 0.000000
1692799632810439696 144.626352 0.000000
1692799632881770918 144.959539 0.000000
1692799633063621365 144.991048 0.000000
1692799633174474035 144.947806 0.000000
1692799633210751150 145.081878 0.000000
1692799633391527530 144.779882 0.000000
1692799633464636019 144.733334 0.000000
1692799633537394793 145.658410 0.000000
1692799633791885319 144.793086 0.000000
1692799633865737507 145.228234 0.000000
1692799634082419373 144.778259 0.000000
1692799634119036064 144.975628 0.000000
1692799634154972027 145.205529 0.000000
1692799634191208997 145.414994 0.000000
1692799634301368797 145.011477 0.000000
1692799634337557515 144.892493 0.000000
1692799634372799274 145.140538 0.000000
1692799634519454799 145.176377 0.000000
1692799634809844761 145.103860 0.000000
1692799635028193466 145.014824 0.000000
1692799635246300408 145.498659 0.000000
1692799635282720973 144.972843 0.000000
1692799635282774213 145.474756 0.000000
1692799635283626464 145.043516 0.000000
1692799635393703878 145.549889 0.000000
1692799635428845490 145.288687 0.000000
1692799635465684811 144.969879 0.000000
1692799635502309738 144.936896 0.000000
1692799635609627478 145.139595 0.000000
1692799635647911352 144.973003 0.000000
1692799635757050694 144.820978 0.000000
1692799635865348947 144.925606 0.000000
1692799635975417306 144.878047 0.000000
1692799636046336423 145.302463 0.000000
1692799636083219988 145.255576 0.000000
1692799636374104145 145.077440 0.000000
1692799636411841212 145.040981 0.000000
1692799636447162431 145.357484 0.000000
1692799636666197686 145.486458 0.000000
1692799636921160090 144.918262 0.000000
1692799637102741640 145.160255 0.000000
1692799637139135874 144.849621 0.000000
1692799637140357799 145.241017 0.000000
1692799637247889141 145.231990 0.000000
1692799637321685263 144.956673 0.000000
1692799637467328265 144.777266 0.000000
1692799637503739541 145.157289 0.000000
1692799637685473548 145.339913 0.000000
1692799637721426804 145.111814 0.000000
1692799637902884162 144.936935 0.000000
1692799637939537372 144.986869 0.000000
1692799638049155533 144.915475 0.000000
1692799638085674492 144.778698 0.000000
1692799638120130746 145.111995 0.000000
1692799638157690139 144.929851 0.000000
1692799638192961274 144.880389 0.000000
1692799638193132546 144.941985 0.000000
1692799638230292510 145.460520 0.000000
1692799638338150304 145.014692 0.000000
1692799638411744555 144.911718 0.000000
1692799638666949393 145.053976 0.000000
1692799638702064144 145.443917 0.000000
1692799638811649503 144.952745 0.000000
1692799638846958990 144.923750 0.000000
1692799638884512171 144.905486 0.000000
1692799639030535209 144.702146 0.000000
1692799639064723128 145.131984 0.000000
1692799639320331592 145.150357 0.000000
1692799639430365023 144.631351 0.000000
1692799639502548615 145.144806 0.000000
1692799639539296173 145.805036 0.000000
1692799639539434343 145.283457 0.000000
1692799639611509822 145.460208 0.000000
1692799639648641812 144.731900 0.000000
1692799639793896165 145.252540 0.000000
1692799639902788782 144.663071 0.000000
1692799639939489023 144.756127 0.000000
1692799639975746670 144.709209 0.000000
1692799640010602064 144.950172 0.000000
1692799640011211508 144.945072 0.000000
1692799640120201769 145.512805 0.000000
1692799640120613101 144.864668 0.000000
1692799640192275325 145.093900 0.000000
1692799640192759655 144.932988 0.000000
1692799640228891937 145.011816 0.000000
1692799640229365556 144.711131 0.000000
1692799640337710315 145.433057 0.000000
1692799640483537693 144.898332 0.000000
1692799640519763169 145.196391 0.000000
1692799640557534010 145.449348 0.000000
1692799640629773847 145.276331 0.000000
1692799640774319457 145.352565 0.000000
1692799640775795780 145.154133 0.000000
1692799640955836826 145.226179 0.000000
1692799640993430544 144.828691 0.000000
1692799641029026470 145.125420 0.000000
1692799641103229073 144.946983 0.000000
1692799641356722576 144.926927 0.000000
1692799641648699716 145.925282 0.000000
1692799641685364868 145.364436 0.000000
1692799641722116334 144.925792 0.000000
1692799641829486261 145.155065 0.000000
1692799641902257026 145.081266 0.000000
1692799641903250763 145.020912 0.000000
1692799642120772514 145.011485 0.000000
1692799642121729562 145.254511 0.000000
1692799642156807433 145.223263 0.000000
1692799642194129813 144.696135 0.000000
1692799642230828128 144.999934 0.000000
1692799642339268184 145.175541 0.000000
1692799642412439823 145.182696 0.000000
1692799642413199961 145.116903 0.000000
1692799642556772210 145.213432 0.000000
1692799642702107002 145.185872 0.000000
1692799642774932460 144.754322 0.000000
1692799642848689299 144.962505 0.000000
1692799642992920627 145.254800 0.000000
1692799642994070336 145.196109 0.000000
1692799643030572743 145.128683 0.000000
1692799643138479429 145.023236 0.000000
1692799643139037267 145.037183 0.000000
1692799643139922780 144.708725 0.000000
1692799643283817607 145.014580 0.000000
1692799643320906406 145.468212 0.000000
1692799643356717275 144.895858 0.000000
1692799643393604695 144.879988 0.000000
1692799643394181028 145.086476 0.000000
1692799643539224233 145.617353 0.000000
1692799643686092363 145.405683 0.000000
1692799643758370804 144.692876 0.000000
1692799643830751396 145.219957 0.000000
1692799643831564043 145.213415 0.000000
1692799643867739105 145.127612 0.000000
1692799644085782265 145.065544 0.000000
1692799644121982133 144.913568 0.000000
1692799644196170502 145.356472 0.000000
1692799644230617347 144.922968 0.000000
1692799644231264603 145.531200 0.000000
1692799644340993122 144.821448 0.000000
1692799644376147426 144.745505 0.000000
1692799644412918919 144.829643 0.000000
1692799644449280611 144.958825 0.000000
1692799644485004627 145.153921 0.000000
1692799644523041456 144.961409 0.000000
1692799644669034827 145.234665 0.000000
1692799644705307232 145.317721 0.000000
1692799644886370205 144.829842 0.000000
1692799645103489459 144.781182 0.000000
1692799645247910234 145.074854 0.000000
1692799645357172275 145.347274 0.000000
1692799645429917743 145.328060 0.000000
1692799645430946004 144.790970 0.000000
1692799645466766300 144.965709 0.000000
1692799645721069230 144.817829 0.000000
1692799645759495070 145.055165 0.000000
1692799645794684101 145.261765 0.000000
1692799645829893649 145.100632 0.000000
1692799645902758891 145.252467 0.000000
1692799645904073821 144.730496 0.000000
1692799646012877192 144.864278 0.000000
1692799646230589358 144.970478 0.000000
1692799646230933916 144.983582 0.000000
1692799646231281308 144.953004 0.000000
1692799646339196891 144.975477 0.000000
1692799646521146672 145.139566 0.000000
1692799646593983921 144.912077 0.000000
1692799646704753864 144.864367 0.000000
1692799646739293815 145.307660 0.000000
1692799646777578730 144.957934 0.000000
1692799646886535648 145.000623 0.000000
1692799646921264074 145.007868 0.000000
1692799646995840961 145.092296 0.000000
1692799646995891887 145.173378 0.000000
1692799647031548585 145.011494 0.000000
1692799647248647029 145.240092 0.000000
1692799647248671835 145.281771 0.000000
1692799647284942467 144.885095 0.000000
1692799647359092523 144.902970 0.000000
1692799647393800790 145.126921 0.000000
1692799647466754288 145.110560 0.000000
1692799647611948846 145.172206 0.000000
1692799647830036888 145.185240 0.000000
1692799647867625498 144.968876 0.000000
1692799647868412837 144.954178 0.000000
1692799648085975912 144.957151 0.000000
1692799648121066938 145.391236 0.000000
1692799648121975705 145.076896 0.000000
1692799648159115019 144.850111 0.000000
1692799648377026800 145.071777 0.000000
1692799648559341987 145.196040 0.000000
1692799648629425185 145.128325 0.000000
1692799648631761464 145.241118 0.000000
1692799648632159491 144.997830 0.000000
1692799648667061261 145.148814 0.000000
1692799648704106478 144.870831 0.000000
1692799648884134967 144.998369 0.000000
1692799648884964766 144.933666 0.000000
1692799649029193028 145.056818 0.000000
1692799649139627501 145.133994 0.000000
1692799649174592029 144.951641 0.000000
1692799649175151861 144.763758 0.000000
1692799649357807437 144.994531 0.000000
1692799649393067951 145.078098 0.000000
1692799649430511736 145.188666 0.000000
1692799649430593069 144.878773 0.000000
1692799649574621234 145.044104 0.000000
1692799649576026674 145.046198 0.000000
1692799649720969058 144.904262 0.000000
1692799649721231190 145.024518 0.000000
1692799649829151081 144.936503 0.000000
1692799649866660039 144.935632 0.000000
1692799650121293949 144.651768 0.000000
1692799650192552744 145.302750 0.000000
1692799650229859322 145.388632 0.000000
1692799650374983547 144.823671 0.000000
1692799650448520029 145.141288 0.000000
1692799650520759716 145.158849 0.000000
1692799650557973080 145.249561 0.000000
1692799650628793741 145.206360 0.000000
1692799650630021276 145.073030 0.000000
1692799650883724568 144.970505 0.000000
1692799651030931666 145.186171 0.000000
1692799651101762587 145.401446 0.000000
1692799651176403614 145.043083 0.000000
1692799651211073730 145.442243 0.000000
1692799651212381556 145.002446 0.000000
1692799651320250630 144.798694 0.000000
1692799651356085714 145.008618 0.000000
1692799651357646426 145.263407 0.000000
1692799651465176833 145.321856 0.000000
1692799651467054410 145.111711 0.000000
1692799651574980742 144.772014 0.000000
1692799651576015005 145.090382 0.000000
1692799651648926784 144.907819 0.000000
1692799651830453258 145.287973 0.000000
1692799651902508949 145.078300 0.000000
1692799651976231311 145.314101 0.000000
1692799652012532650 145.186201 0.000000
1692799652121445275 145.478180 0.000000
1692799652157572988 145.038736 0.000000
1692799652338317873 145.305666 0.000000
1692799652374420039 145.315584 0.000000
1692799652411618533 145.005792 0.000000
1692799652448270130 144.915051 0.000000
1692799652449049464 144.996906 0.000000
1692799652593046192 144.930331 0.000000
1692799652594283576 145.324471 0.000000
1692799652629819748 144.933376 0.000000
1692799652702322318 144.902579 0.000000
1692799652703355880 144.921894 0.000000
1692799652958147487 145.054083 0.000000
1692799652993473344 144.882541 0.000000
1692799653138270183 145.325592 0.000000
1692799653174507703 145.150624 0.000000
1692799653175774532 144.697072 0.000000
1692799653211986514 144.874496 0.000000
1692799653319809380 145.299294 0.000000
1692799653321326851 144.824381 0.000000
1692799653356948032 144.960016 0.000000
1692799653394017364 144.705748 0.000000
1692799653429689612 144.796850 0.000000
1692799653539105271 144.640095 0.000000
1692799653719653758 145.118053 0.000000
1692799653756282402 145.166775 0.000000
1692799653756856560 144.798623 0.000000
1692799653757421942 145.197282 0.000000
1692799653793402900 144.981577 0.000000
1692799653974445694 145.188775 0.000000
1692799653975382073 144.937543 0.000000
1692799654156957237 145.238218 0.000000
1692799654193059182 145.087556 0.000000
1692799654266939600 145.370196 0.000000
1692799654267016505 144.941371 0.000000
1692799654302068217 145.311887 0.000000
1692799654411466423 144.768126 0.000000
1692799654520719065 144.857403 0.000000
1692799654702266047 145.348716 0.000000
1692799654775097836 144.698875 0.000000
1692799654848710952 144.936482 0.000000
1692799654919976239 145.166895 0.000000
1692799654993142726 145.149111 0.000000
1692799655138510758 145.365667 0.000000
1692799655175438815 145.679918 0.000000
1692799655357013528 145.469734 0.000000
1692799655357460899 145.046278 0.000000
1692799655394037064 145.413037 0.000000
1692799655467443543 145.211218 0.000000
1692799655613379109 146.022970 0.000000
1692799655649043572 144.927413 0.000000
1692799656011300493 144.906856 0.000000
1692799656084180142 144.879755 0.000000
1692799656374302043 145.137890 0.000000
1692799656374986880 145.276681 0.000000
1692799656375226640 145.558039 0.000000
1692799656592900714 145.066095 0.000000
1692799656628966591 145.150554 0.000000
1692799656666354210 144.782953 0.000000
1692799656703422540 144.946470 0.000000
1692799656738251664 145.349788 0.000000
1692799656811393165 145.037782 0.000000
1692799657066894692 144.790708 0.000000
1692799657067071805 144.834050 0.000000
1692799657212679678 144.835613 0.000000
1692799657320977286 145.021371 0.000000
1692799657393132835 145.171854 0.000000
1692799657431205311 145.235493 0.000000
1692799657465998988 145.054994 0.000000
1692799657648296680 145.295065 0.000000
1692799657793484804 145.185699 0.000000
1692799657794442022 145.482156 0.000000
1692799657867184803 144.822006 0.000000
1692799657902584899 144.789715 0.000000
1692799657902617120 145.136747 0.000000
1692799657939241546 144.809773 0.000000
1692799658084840571 145.068769 0.000000
1692799658121207062 144.807459 0.000000
1692799658195047947 145.123123 0.000000
1692799658266380529 144.977600 0.000000
1692799658303201284 144.917717 0.000000
1692799658375530238 145.354396 0.000000
1692799658450052823 145.880815 0.000000
1692799658557229635 145.319901 0.000000
1692799658630547297 144.988459 0.000000
1692799658703336725 144.884613 0.000000
1692799658740224196 144.896116 0.000000
1692799658740726780 144.947662 0.000000
1692799658848138323 145.274195 0.000000
1692799658921103432 145.277601 0.000000
1692799658993561659 145.421022 0.000000
1692799658994130798 145.133061 0.000000
1692799659030932006 144.879474 0.000000
1692799659175319746 145.030458 0.000000
1692799659430129465 144.731677 0.000000
1692799659503288047 145.370357 0.000000
1692799659758527704 145.022734 0.000000
1692799659866229542 145.247845 0.000000
1692799659903086875 144.709074 0.000000
1692799660013730571 145.579500 0.000000
1692799660048007695 145.042238 0.000000
1692799660084429891 145.279473 0.000000
1692799660120755767 144.924787 0.000000
1692799660159335586 145.603502 0.000000
1692799660338590172 145.206439 0.000000
1692799660738706296 145.209975 0.000000
1692799660812272514 145.292710 0.000000
1692799660884074187 145.296757 0.000000
1692799660885485718 145.372120 0.000000
1692799660993261326 145.114345 0.000000
1692799661067108241 145.400152 0.000000
1692799661175596546 145.058108 0.000000
1692799661393605839 145.200247 0.000000
1692799661467904342 145.270208 0.000000
1692799661648683951 145.253266 0.000000
1692799661867591149 144.944977 0.000000
1692799661939030829 145.013803 0.000000
1692799662085690748 144.716839 0.000000
1692799662120589022 145.070865 0.000000
1692799662156792467 144.982428 0.000000
1692799662156818636 145.223030 0.000000
1692799662157778108 144.943045 0.000000
1692799662265735638 145.145043 0.000000
1692799662374852183 145.204604 0.000000
1692799662411018950 145.118041 0.000000
1692799662412740794 144.945757 0.000000
1692799662448105063 145.024435 0.000000
1692799662448579975 145.301355 0.000000
1692799662483892838 144.977920 0.000000
1692799662558546809 144.912617 0.000000
1692799662592801022 145.114706 0.000000
1692799662703109588 145.168988 0.000000
1692799662956941518 144.766902 0.000000
1692799663030965456 144.757434 0.000000
1692799663213023525 144.913766 0.000000
1692799663248011417 144.870508 0.000000
1692799663283736815 145.191180 0.000000
1692799663320619806 145.436181 0.000000
1692799663321794122 144.787482 0.000000
1692799663357749271 144.724684 0.000000
1692799663392787297 145.039565 0.000000
1692799663467191468 145.348033 0.000000
1692799663537925326 145.135805 0.000000
1692799663720101868 145.112461 0.000000
1692799663792971936 145.078876 0.000000
1692799663903791632 145.006230 0.000000
1692799663975815153 145.146456 0.000000
1692799663976138060 144.957892 0.000000
1692799664266309260 145.247042 0.000000
1692799664411823997 145.540745 0.000000
1692799664631161824 145.467247 0.000000
1692799664704205991 145.274837 0.000000
1692799664848441172 144.790996 0.000000
1692799664849420462 144.917213 0.000000
1692799664958374894 145.475434 0.000000
1692799665102613063 145.196689 0.000000
1692799665103723899 145.347503 0.000000
1692799665103757953 145.358944 0.000000
1692799665139213934 145.140003 0.000000
1692799665175395979 144.856359 0.000000
1692799665358237020 145.199264 0.000000
1692799665395109802 144.924097 0.000000
1692799665430733047 145.200366 0.000000
1692799665539500576 145.097181 0.000000
1692799665611819882 145.194537 0.000000
1692799665685702773 145.036098 0.000000
1692799665756881096 145.460265 0.000000
1692799665793161657 145.036438 0.000000
1692799665794571064 144.818158 0.000000
1692799665830428158 144.723912 0.000000
1692799665868213654 145.353684 0.000000
1692799665938753738 144.903889 0.000000
1692799665940302377 145.160301 0.000000
1692799666193110822 145.249405 0.000000
1692799666195029336 144.859503 0.000000
1692799666303797709 144.755949 0.000000
1692799666484567530 145.246293 0.000000
1692799666485787802 145.040556 0.000000
1692799666521971260 145.440848 0.000000
1692799666557376024 144.964893 0.000000
1692799666594894188 145.063609 0.000000
1692799666629718663 145.224691 0.000000
1692799666667649022 145.019235 0.000000
1692799666775220284 145.130564 0.000000
1692799666775223611 145.502994 0.000000
1692799666849573440 145.081372 0.000000
1692799666885774268 144.874873 0.000000
1692799666921096018 145.405130 0.000000
1692799667030796180 144.890354 0.000000
1692799667066229257 145.215625 0.000000
1692799667211947645 145.163836 0.000000
1692799667395237520 144.939306 0.000000
1692799667430095747 145.356590 0.000000
1692799667649019546 145.559650 0.000000
1692799667758297043 144.839337 0.000000
1692799667831243346 144.830281 0.000000
1692799667939358631 145.087964 0.000000
1692799667940828271 144.771810 0.000000
1692799667976199633 144.749830 0.000000
1692799668084865542 145.048752 0.000000
1692799668085050670 145.043711 0.000000
1692799668230260533 145.319749 0.000000
1692799668267287414 145.050082 0.000000
1692799668340806493 144.797328 0.000000
1692799668341124170 145.018704 0.000000
1692799668486369679 144.822895 0.000000
1692799668521327224 145.085609 0.000000
1692799668849187609 145.232417 0.000000
1692799668885797097 144.861870 0.000000
1692799668923207709 144.795405 0.000000
1692799668995324583 145.069508 0.000000
1692799669249309360 145.174196 0.000000
1692799669249341230 145.263383 0.000000
1692799669286013064 145.001972 0.000000
1692799669322094500 145.113804 0.000000
1692799669358549107 144.949144 0.000000
1692799669431385482 144.950836 0.000000
1692799669540268149 145.416020 0.000000
1692799669794682060 145.051966 0.000000
1692799669867988750 144.916753 0.000000
1692799669904679550 145.009567 0.000000
1692799670086378815 144.992536 0.000000
1692799670231687764 145.298499 0.000000
1692799670378640321 145.040074 0.000000
1692799670414977006 145.259306 0.000000
1692799670485883617 145.242354 0.000000
1692799670486725678 145.409138 0.000000
1692799670523976330 145.333605 0.000000
1692799670777709764 145.038461 0.000000
1692799670849845343 144.997603 0.000000
1692799670922832503 144.923986 0.000000
1692799671032282334 144.965564 0.000000
1692799671067849363 145.296625 0.000000
1692799671104465122 144.829408 0.000000
1692799671105105796 144.827985 0.000000
1692799671250742420 144.877919 0.000000
1692799671360254045 145.246900 0.000000
1692799671650503463 145.491773 0.000000
1692799671686700144 144.982205 0.000000
1692799671724560440 145.452156 0.000000
1692799671869668864 144.929989 0.000000
1692799671978655004 145.461376 0.000000
1692799672197328731 145.091200 0.000000
1692799672304847354 145.130673 0.000000
1692799672342584479 145.250578 0.000000
1692799672377863678 144.994299 0.000000
1692799672378973313 144.942762 0.000000
1692799672414450804 144.977486 0.000000
1692799672560925901 144.887576 0.000000
1692799672596119219 145.473617 0.000000
1692799672743132960 144.888108 0.000000
1692799672779018146 144.975472 0.000000
1692799672816189860 145.517019 0.000000
1692799672923397629 144.891565 0.000000
1692799672924240191 145.218688 0.000000
1692799672959815296 145.257853 0.000000
1692799673033030284 144.730023 0.000000
1692799673107254126 144.965103 0.000000
1692799673143716487 145.420709 0.000000
1692799673214738484 144.704793 0.000000
1692799673250800312 145.018482 0.000000
1692799673397085896 145.871977 0.000000
1692799673397882593 145.327475 0.000000
1692799673505145695 145.191097 0.000000
1692799673506964381 144.757733 0.000000
1692799673541254483 145.220673 0.000000
1692799673542545658 144.948391 0.000000
1692799673543294194 145.316813 0.000000
1692799673577514854 145.269234 0.000000
1692799673687405703 144.629201 0.000000
1692799673759783988 144.806133 0.000000
1692799673797627123 145.068667 0.000000
1692799673978796759 144.663223 0.000000
1692799674050694153 145.141042 0.000000
1692799674051053518 145.534411 0.000000
1692799674051113871 145.017029 0.000000
1692799674087783572 144.888908 0.000000
1692799674195998495 145.277271 0.000000
1692799674269049293 145.115585 0.000000
1692799674414805251 145.526898 0.000000
1692799674415132646 145.015698 0.000000
1692799674560894665 145.065231 0.000000
1692799674778465219 145.149880 0.000000
1692799674779309646 145.122428 0.000000
1692799674887580681 145.009165 0.000000
1692799674888728947 144.974760 0.000000
1692799675033671509 145.160471 0.000000
1692799675215780921 144.906160 0.000000
1692799675251167552 145.282127 0.000000
1692799675469935276 145.103181 0.000000
1692799675615802222 145.122147 0.000000
1692799675834256295 144.997935 0.000000
1692799675835346312 145.128570 0.000000
1692799675871614078 144.852361 0.000000
1692799675979061808 144.801395 0.000000
1692799676161027892 144.603512 0.000000
1692799676234616070 145.228257 0.000000
1692799676270074966 145.194975 0.000000
1692799676306099144 145.069148 0.000000
1692799676343625682 145.097381 0.000000
1692799676379956617 145.616185 0.000000
1692799676597058281 145.320620 0.000000
1692799676598307187 144.919086 0.000000
1692799676707490716 145.202708 0.000000
1692799676743541352 145.232742 0.000000
1692799676743636100 145.294839 0.000000
1692799676744609839 145.299168 0.000000
1692799676852629985 145.020907 0.000000
1692799676925300709 145.018251 0.000000
1692799676962439641 145.038860 0.000000
1692799677034502364 145.182091 0.000000
1692799677106295860 145.173233 0.000000
1692799677107891958 144.608732 0.000000
1692799677253563375 144.914196 0.000000
1692799677435034798 144.963726 0.000000
1692799677507128741 145.011849 0.000000
1692799677581186111 145.025899 0.000000
1692799677688633317 145.304327 0.000000
1692799677906431070 144.985611 0.000000
1692799677907676670 144.939575 0.000000
1692799678016155976 144.695054 0.000000
1692799678233804427 144.840128 0.000000
1692799678270303296 144.934224 0.000000
1692799678379396506 145.161360 0.000000
1692799678488677469 144.923143 0.000000
1692799678526385309 145.095216 0.000000
1692799678561873599 144.853200 0.000000
1692799678598139541 145.411910 0.000000
1692799678815563379 145.155081 0.000000
1692799678888797281 144.855887 0.000000
1692799678925881359 145.109542 0.000000
1692799678962445171 144.862800 0.000000
1692799679034447928 144.824515 0.000000
1692799679071844455 145.030293 0.000000
1692799679106772775 144.992964 0.000000
1692799679108314270 145.054780 0.000000
1692799679215454370 144.961654 0.000000
1692799679361383513 145.076301 0.000000
1692799679471494596 144.923403 0.000000
1692799679652533820 144.944633 0.000000
1692799679724849747 145.206736 0.000000
1692799679835382981 144.976824 0.000000
1692799679908540812 145.145080 0.000000
1692799680053701611 145.159727 0.000000
1692799680125154726 145.362447 0.000000
1692799680344331426 145.148213 0.000000
1692799680379668294 145.496088 0.000000
1692799680381048957 144.674875 0.000000
1692799680488654804 145.400531 0.000000
1692799680489219605 144.886265 0.000000
1692799680526368494 145.318415 0.000000
1692799680597841780 145.451216 0.000000
1692799680598395821 144.924116 0.000000
1692799680816132014 145.080228 0.000000
1692799680925525908 144.878258 0.000000
1692799681179861501 145.144518 0.000000
1692799681181043741 145.366114 0.000000
1692799681216598779 145.158275 0.000000
1692799681216680522 145.067434 0.000000
1692799681472565764 145.021447 0.000000
1692799681580843842 145.513189 0.000000
1692799681798685374 145.222394 0.000000
1692799681871448810 144.943490 0.000000
1692799681907894200 145.081219 0.000000
1692799681945601390 145.251198 0.000000
1692799682090043309 145.008183 0.000000
1692799682308095404 145.031954 0.000000
1692799682345799338 144.947837 0.000000
1692799682381039594 145.151832 0.000000
1692799682526444959 145.314745 0.000000
1692799682528177654 145.216701 0.000000
1692799682564304926 145.056080 0.000000
1692799682671434990 145.164448 0.000000
1692799682780755546 144.964198 0.000000
1692799682781174914 145.353790 0.000000
1692799682889835480 144.668574 0.000000
1692799683072060340 144.646603 0.000000
1692799683107070722 144.988515 0.000000
1692799683108185306 144.844305 0.000000
1692799683254597857 145.075910 0.000000
1692799683290146741 145.665977 0.000000
1692799683362919066 145.271066 0.000000
1692799683435811306 145.930725 0.000000
1692799683437309530 146.821358 0.000000
1692799683471230577 144.890932 0.000000
1692799683472848346 145.453268 0.000000
1692799683544281363 144.982782 0.000000
1692799683581177560 145.011678 0.000000
1692799683617109704 145.277326 0.000000
1692799683653811344 144.556252 0.000000
1692799683979790789 144.902371 0.000000
1692799683980127953 144.970159 0.000000
1692799683980504901 145.318574 0.000000
1692799684089608281 144.814880 0.000000
1692799684234463794 144.853209 0.000000
1692799684270184833 144.740609 0.000000
1692799684345884817 144.696777 0.000000
1692799684380533050 144.964661 0.000000
1692799684451779928 144.766315 0.000000
1692799684780348388 144.709293 0.000000
1692799684815153575 145.008974 0.000000
1692799684960423709 145.030313 0.000000
1692799684962519085 144.996680 0.000000
1692799685105787289 145.361717 0.000000
1692799685106516539 144.977094 0.000000
1692799685396256131 145.164776 0.000000
1692799685397025436 145.050782 0.000000
1692799685470583156 145.698501 0.000000
1692799685470854966 144.695316 0.000000
1692799685506506916 145.286346 0.000000
1692799685834474314 144.959661 0.000000
1692799685907889946 145.729195 0.000000
1692799685979049063 145.106638 0.000000
1692799685979178606 144.703239 0.000000
1692799685979800464 145.211053 0.000000
1692799686015159120 144.923501 0.000000
1692799686052996985 144.918084 0.000000
1692799686125605062 144.918123 0.000000
1692799686235170738 145.065850 0.000000
1692799686270232738 145.206814 0.000000
1692799686378158604 144.970812 0.000000
1692799686632305751 144.919796 0.000000
1692799686668763955 145.129891 0.000000
1692799686741839989 144.926828 0.000000
1692799686742839616 145.151259 0.000000
1692799686814115769 145.349621 0.000000
1692799686852605259 144.791626 0.000000
1692799687068076657 145.025183 0.000000
1692799687106544043 144.949089 0.000000
1692799687324546356 144.977205 0.000000
1692799687395136120 144.948360 0.000000
1692799687576872312 144.911450 0.000000
1692799687578564881 144.883798 0.000000
1692799687612720538 144.916159 0.000000
1692799687686844881 144.740718 0.000000
1692799687794636798 145.268951 0.000000
1692799687795956567 144.826620 0.000000
1692799687832597953 144.584237 0.000000
1692799687976615193 144.912591 0.000000
1692799688085369693 145.032606 0.000000
1692799688230431327 145.121917 0.000000
1692799688268518037 145.227713 0.000000
1692799688413015590 145.363419 0.000000
1692799688558994484 145.112517 0.000000
1692799688559687396 145.145148 0.000000
1692799688848707206 145.059249 0.000000
1692799688958536107 145.344765 0.000000
1692799689175727055 145.287345 0.000000
1692799689213234297 145.205631 0.000000
1692799689213847949 144.960120 0.000000
1692799689285288743 145.111884 0.000000
1692799689613819198 144.913513 0.000000
1692799689648682366 145.012700 0.000000
1692799689758657440 144.972494 0.000000
1692799689902867353 145.010276 0.000000
1692799689903555916 144.896542 0.000000
1692799689940504179 144.932981 0.000000
1692799690085171267 145.424481 0.000000
1692799690086517166 144.834573 0.000000
1692799690230889182 144.839645 0.000000
1692799690340104690 145.060999 0.000000
1692799690340982810 144.937247 0.000000
1692799690376306651 144.708728 0.000000
1692799690450021296 144.845965 0.000000
1692799690522349135 144.822662 0.000000
1692799690559626727 145.088472 0.000000
1692799690705159711 144.830004 0.000000
1692799690741258991 145.138685 0.000000
1692799690849782281 144.993737 0.000000
1692799690850352111 145.838503 0.000000
1692799690923546949 145.046493 0.000000
1692799691031436076 145.234125 0.000000
1692799691178459302 145.257469 0.000000
1692799691396194972 144.918001 0.000000
1692799691397285961 145.365341 0.000000
1692799691868359127 145.209299 0.000000
1692799691868436913 144.731091 0.000000
1692799692231631801 144.920515 0.000000
1692799692377030035 145.066731 0.000000
1692799692486116019 145.258311 0.000000
1692799692558877393 145.168092 0.000000
1692799692559459978 144.809478 0.000000
1692799692633183117 144.906360 0.000000
1692799692670118294 144.797974 0.000000
1692799692776846203 145.184533 0.000000
1692799692777011683 144.881745 0.000000
1692799693068598523 144.955180 0.000000
1692799693214968632 145.341216 0.000000
1692799693250949096 145.050328 0.000000
1692799693251318200 145.136961 0.000000
1692799693324544046 146.299085 0.000000
1692799693395375955 145.181236 0.000000
1692799693396636182 145.684491 0.000000
1692799693431856188 145.390218 0.000000
1692799693469615235 145.124058 0.000000
1692799693577820504 144.765393 0.000000
1692799693687839162 144.744628 0.000000
1692799693831952331 144.996558 0.000000
1692799693904511315 145.127036 0.000000
1692799693941062182 145.129902 0.000000
1692799693977954099 144.759665 0.000000
1692799694050845957 145.522837 0.000000
1692799694123613982 145.255013 0.000000
1692799694232821907 145.388106 0.000000
1692799694377847127 145.028496 0.000000
1692799694487094797 145.292704 0.000000
1692799694560659118 145.181745 0.000000
1692799694595487059 144.800510 0.000000
1692799694669778745 144.991219 0.000000
1692799694705134108 145.220601 0.000000
1692799694961052489 144.786685 0.000000
1692799694997019077 145.083823 0.000000
1692799695033888118 145.029679 0.000000
1692799695106285921 145.231759 0.000000
1692799695141243636 145.036584 0.000000
1692799695142464539 145.161618 0.000000
1692799695286374495 145.128566 0.000000
1692799695287637889 145.143244 0.000000
1692799695323057030 144.970723 0.000000
1692799695468448709 145.389195 0.000000
1692799695505494045 144.902622 0.000000
1692799695506605693 144.805309 0.000000
1692799695542865463 144.661700 0.000000
1692799695650498347 144.826799 0.000000
1692799695941865312 145.097685 0.000000
1692799696052094296 144.938359 0.000000
1692799696269927538 144.819064 0.000000
1692799696305933518 145.010080 0.000000
1692799696343810276 145.227921 0.000000
1692799696415223068 145.294117 0.000000
1692799696523689298 145.275071 0.000000
1692799696524792039 144.928840 0.000000
1692799696560226038 145.001447 0.000000
1692799696668862127 145.247429 0.000000
1692799696706223576 145.183510 0.000000
1692799696706280303 144.977423 0.000000
1692799696778424517 145.181387 0.000000
1692799696779714991 145.236371 0.000000
1692799696887199016 145.224176 0.000000
1692799696924042482 145.091405 0.000000
1692799696925218390 145.016755 0.000000
1692799697289470724 145.220337 0.000000
1692799697324970006 145.003263 0.000000
1692799697360193790 145.181036 0.000000
1692799697616715844 144.881271 0.000000
1692799697653512291 145.870179 0.000000
1692799697834764389 144.737150 0.000000
1692799697907643434 144.984725 0.000000
1692799698015215764 144.990208 0.000000
1692799698052785956 145.141271 0.000000
1692799698344365249 145.099468 0.000000
1692799698379143297 145.179701 0.000000
1692799698597700227 145.198776 0.000000
1692799698633938406 145.305177 0.000000
1692799698634631899 144.852327 0.000000
1692799698780621853 145.381371 0.000000
1692799698925740660 144.878555 0.000000
1692799698962260419 144.844192 0.000000
1692799699106955698 145.051609 0.000000
1692799699216714614 145.315584 0.000000
1692799699217278073 144.761914 0.000000
1692799699252228965 145.190782 0.000000
1692799699397867550 145.624468 0.000000
1692799699398924565 145.042235 0.000000
1692799699470067117 145.102556 0.000000
1692799699544097601 145.171122 0.000000
1692799699581463981 145.097759 0.000000
1692799699652658190 144.943537 0.000000
1692799699689087680 144.989047 0.000000
1692799699761128349 145.099360 0.000000
1692799699870057577 145.049476 0.000000
1692799700053175651 145.097798 0.000000
1692799700089940711 144.914554 0.000000
1692799700124807763 145.223513 0.000000
1692799700235485086 144.926635 0.000000
1692799700271449270 145.246266 0.000000
1692799700306482967 145.135150 0.000000
1692799700307426750 144.889278 0.000000
1692799700343754414 144.620058 0.000000
1692799700488725275 144.787035 0.000000
1692799700817733095 145.290781 0.000000
1692799700998266734 145.315257 0.000000
1692799700999118795 144.870272 0.000000
1692799701071925914 144.857608 0.000000
1692799701180364470 144.992349 0.000000
1692799701252703950 144.792564 0.000000
1692799701324950358 145.292165 0.000000
1692799701361773205 145.134557 0.000000
1692799701397880909 145.293057 0.000000
1692799701617422019 145.269572 0.000000
1692799701726035655 145.176855 0.000000
1692799701726779662 144.959506 0.000000
1692799701834889702 145.048564 0.000000
1692799701907613123 144.880699 0.000000
1692799701981837407 145.509373 0.000000
1692799702089555821 145.262427 0.000000
1692799702089584185 145.254542 0.000000
1692799702235098275 145.511816 0.000000
1692799702708488756 145.338680 0.000000
1692799702962234164 145.172589 0.000000
1692799702963527202 144.912379 0.000000
1692799702964070543 145.408892 0.000000
1692799703253227167 145.231109 0.000000
1692799703436722788 145.108246 0.000000
1692799703436817726 145.174561 0.000000
1692799703508387692 145.252658 0.000000
1692799703617592446 144.913510 0.000000
1692799703654097478 144.852306 0.000000
1692799703689330738 145.180723 0.000000
1692799703727652820 145.168408 0.000000
1692799703945332154 145.022706 0.000000
1692799704271288899 145.440760 0.000000
1692799704308896522 144.733273 0.000000
1692799704344322915 145.395146 0.000000
1692799704417244380 144.886673 0.000000
1692799704417895492 145.365472 0.000000
1692799704418158196 144.918742 0.000000
1692799704599251732 145.081664 0.000000
1692799704600071382 144.702010 0.000000
1692799704635478822 145.031070 0.000000
1692799704818485777 144.836054 0.000000
1692799704962665231 145.272738 0.000000
1692799704963835048 144.708848 0.000000
1692799704999876467 144.984063 0.000000
1692799705036287490 145.154867 0.000000
1692799705108745554 144.952846 0.000000
1692799705145157969 145.320114 0.000000
1692799705290359571 145.389946 0.000000
1692799705582235320 145.545136 0.000000
1692799705617625416 145.324485 0.000000
1692799705801555776 145.370480 0.000000
1692799705837495861 144.979825 0.000000
1692799706054807583 145.415071 0.000000
1692799706273089237 145.035510 0.000000
1692799706273137507 144.798415 0.000000
1692799706383493666 145.400205 0.000000
1692799706384284181 145.200961 0.000000
1692799706418397278 145.305717 0.000000
1692799706456611198 144.676096 0.000000
1692799706492083427 144.824234 0.000000
1692799706710914231 145.208807 0.000000
1692799706854868917 145.112751 0.000000
1692799706856103426 145.186701 0.000000
1692799706891827681 144.903252 0.000000
1692799706927774672 145.136458 0.000000
1692799707038140950 144.959245 0.000000
1692799707146316536 145.090373 0.000000
1692799707146412867 144.950129 0.000000
1692799707256239503 145.085716 0.000000
1692799707256989491 144.967122 0.000000
1692799707292280430 145.245725 0.000000
1692799707328716329 145.482870 0.000000
1692799707365510181 144.855109 0.000000
1692799707365834670 145.226897 0.000000
1692799707401801839 145.062808 0.000000
1692799707402135295 144.707562 0.000000
1692799707437008011 145.096334 0.000000
1692799707547537376 145.396951 0.000000
1692799707582859774 145.037513 0.000000
1692799707583006128 144.979785 0.000000
1692799707800856411 145.384435 0.000000
1692799707838724672 145.011675 0.000000
1692799707911065553 145.239713 0.000000
1692799707912088555 145.466670 0.000000
1692799707912335849 145.387070 0.000000
1692799707946245034 145.025631 0.000000
1692799708055884407 144.816891 0.000000
1692799708094104167 145.308943 0.000000
1692799708164385709 145.260668 0.000000
1692799708239955839 144.931063 0.000000
1692799708456684035 145.066107 0.000000
1692799708637957723 145.145115 0.000000
1692799708674853326 144.984663 0.000000
1692799708892811841 144.931804 0.000000
1692799708893331507 144.802993 0.000000
1692799709438131922 144.978463 0.000000
1692799709655607025 145.307015 0.000000
1692799709692652913 145.509238 0.000000
1692799709911366738 144.751317 0.000000
1692799710092600308 144.956289 0.000000
1692799710128356474 145.204589 0.000000
1692799710238634235 144.713226 0.000000
1692799710456135822 144.963484 0.000000
1692799710457008561 145.035599 0.000000
1692799710491652012 145.217330 0.000000
1692799710565283560 144.857727 0.000000
1692799710566235849 145.328762 0.000000
1692799710674945112 145.436119 0.000000
1692799710675196444 145.054782 0.000000
1692799710709923225 145.374636 0.000000
1692799710710696738 144.881610 0.000000
1692799710711932079 145.151637 0.000000
1692799710784571652 144.962181 0.000000
1692799710820257493 144.653343 0.000000
1692799710929139323 145.236427 0.000000
1692799710929843736 145.163249 0.000000
1692799710965289216 144.912930 0.000000
1692799710966117722 144.836936 0.000000
1692799711001312820 145.038936 0.000000
1692799711075115589 145.148072 0.000000
1692799711183682617 144.662480 0.000000
1692799711221284248 145.418379 0.000000
1692799711329388096 145.162799 0.000000
1692799711366276774 145.719152 0.000000
1692799711438585626 145.039374 0.000000
1692799711657071171 145.443105 0.000000
1692799711657655820 145.679690 0.000000
1692799711694276889 145.456831 0.000000
1692799711728805385 145.267827 0.000000
1692799711765480624 144.989272 0.000000
1692799711765562588 144.814594 0.000000
1692799711802036120 144.963416 0.000000
1692799711840011941 145.368273 0.000000
1692799711910607373 145.043694 0.000000
1692799712094551017 145.173116 0.000000
1692799712166951930 144.627050 0.000000
1692799712275333052 145.037304 0.000000
1692799712494150207 145.534034 0.000000
1692799712746692443 145.102867 0.000000
1692799712748556505 144.931315 0.000000
1692799712819674039 145.040887 0.000000
1692799712857922985 145.514929 0.000000
1692799712893947763 144.869698 0.000000
1692799712966595642 145.075866 0.000000
1692799713075205750 145.020309 0.000000
1692799713184056199 146.399091 0.000000
1692799713185031922 145.228832 0.000000
1692799713364611739 145.147038 0.000000
1692799713366111446 145.107033 0.000000
1692799713583387407 145.256414 0.000000
1692799713583873180 145.209245 0.000000
1692799713764801390 145.281051 0.000000
1692799713982989776 145.072599 0.000000
1692799714092446275 145.034467 0.000000
1692799714128149617 145.158509 0.000000
1692799714128198028 145.182033 0.000000
1692799714166983142 145.028696 0.000000
1692799714202908614 145.051061 0.000000
1692799714275450804 144.883044 0.000000
1692799714348071519 145.120306 0.000000
1692799714420373640 144.740674 0.000000
1692799714457126916 144.965406 0.000000
1692799714528949675 145.064543 0.000000
1692799714601233469 144.896246 0.000000
1692799714637472590 145.281710 0.000000
1692799714674904382 144.952885 0.000000
1692799714675634483 145.117264 0.000000
1692799714710682807 145.080264 0.000000
1692799714747204728 145.116684 0.000000
1692799714783909863 144.781493 0.000000
1692799714784533404 144.929110 0.000000
1692799714928140057 145.179318 0.000000
1692799714964735387 144.962060 0.000000
1692799715291614554 145.171686 0.000000
1692799715327882858 145.035788 0.000000
1692799715619043331 144.867824 0.000000
1692799715727894814 145.162257 0.000000
1692799715728583908 145.303804 0.000000
1692799716200879466 144.844117 0.000000
1692799716272974927 144.785150 0.000000
1692799716309271678 145.194148 0.000000
1692799716345834854 144.953985 0.000000
1692799716564077173 145.020101 0.000000
1692799716599624834 145.084092 0.000000
1692799716745633239 145.354466 0.000000
1692799716781838707 145.097497 0.000000
1692799716782512333 145.463484 0.000000
1692799716855595557 145.057589 0.000000
1692799717110321884 144.930082 0.000000
1692799717181255833 145.239802 0.000000
1692799717219410842 144.829903 0.000000
1692799717364288894 144.820343 0.000000
1692799717399349539 145.254358 0.000000
1692799717509620036 145.329899 0.000000
1692799717509940187 144.874515 0.000000
1692799717545090804 144.847376 0.000000
1692799717799647320 145.011253 0.000000
1692799717800584390 145.058391 0.000000
1692799717835732621 145.121298 0.000000
1692799717836184099 144.842073 0.000000
1692799717873037484 144.942904 0.000000
1692799717873929700 145.239050 0.000000
1692799717982686593 144.823450 0.000000
1692799717983028175 145.246796 0.000000
1692799718126482203 144.814373 0.000000
1692799718236959108 144.910383 0.000000
1692799718344211275 145.148899 0.000000
1692799718346241929 144.944085 0.000000
1692799718598714573 144.758048 0.000000
1692799718636029174 145.162397 0.000000
1692799718671844156 144.884714 0.000000
1692799718780577256 144.939788 0.000000
1692799718818286156 144.925551 0.000000
1692799718854774975 145.013685 0.000000
1692799719034967401 144.875359 0.000000
1692799719072244510 144.814483 0.000000
1692799719144226508 145.450688 0.000000
1692799719145284425 144.716749 0.000000
1692799719218475714 145.069241 0.000000
1692799719290694895 144.822215 0.000000
1692799719325511575 145.198276 0.000000
1692799719471818752 145.276360 0.000000
1692799719471858156 144.838077 0.000000
1692799719762141813 144.926434 0.000000
1692799719762657291 145.307339 0.000000
1692799719798460138 144.947320 0.000000
1692799719870537616 145.224722 0.000000
1692799719943991591 145.529379 0.000000
1692799719944454440 144.957013 0.000000
1692799720125874249 145.062940 0.000000
1692799720126212264 144.906576 0.000000
1692799720307766468 144.982009 0.000000
1692799720492290648 146.670449 0.000000
1692799720601342497 145.000563 0.000000
1692799720711533173 145.095120 0.000000
1692799720783854018 145.261973 0.000000
1692799720893466386 144.721527 0.000000
1692799721001740314 144.691150 0.000000
1692799721073899634 144.948804 0.000000
1692799721107206707 145.151496 0.000000
1692799721218876802 144.949846 0.000000
1692799721220002937 144.723261 0.000000
1692799721364778949 145.176734 0.000000
1692799721366123835 144.845031 0.000000
1692799721400606104 145.081925 0.000000
1692799721507081372 145.250851 0.000000
1692799721651976427 144.892771 0.000000
1692799721656556840 144.937805 0.000000
1692799721764283227 145.349406 0.000000
1692799721837431907 145.064485 0.000000
1692799721942738931 145.020149 0.000000
1692799721947248521 144.833028 0.000000
1692799721983661085 144.786528 0.000000
1692799722236819087 144.879476 0.000000
1692799722273985529 144.718133 0.000000
1692799722492047094 144.716267 0.000000
1692799722527733968 144.818450 0.000000
1692799722528008724 145.115828 0.000000
1692799722560643953 144.930499 0.000000
1692799722670198574 144.821794 0.000000
1692799722744798448 144.868631 0.000000
1692799722746947024 144.804241 0.000000
1692799722781707498 144.708934 0.000000
1692799722887899623 145.231797 0.000000
1692799723035241634 145.019358 0.000000
1692799723073570689 144.964194 0.000000
1692799723255372465 144.914608 0.000000
1692799723290914666 144.891967 0.000000
1692799723363999515 145.133281 0.000000
1692799723509548938 144.701220 0.000000
1692799723545222063 144.786378 0.000000
1692799723760949198 144.872523 0.000000
1692799723907350799 145.073608 0.000000
1692799723944691085 145.081370 0.000000
1692799723944741129 144.964821 0.000000
1692799724054115245 144.720907 0.000000
1692799724308955483 145.183085 0.000000
1692799724598889431 145.766191 0.000000
1692799724821074000 145.312408 0.000000
1692799724856081627 145.079261 0.000000
1692799725003041719 144.814692 0.000000
1692799725038164382 144.859307 0.000000
1692799725112016872 144.792713 0.000000
1692799725184343126 145.266431 0.000000
1692799725257648989 144.916212 0.000000
1692799725292855459 144.827405 0.000000
1692799725366929107 144.987147 0.000000
1692799725729534555 145.381747 0.000000
1692799725730288020 145.232257 0.000000
1692799725767521327 144.945137 0.000000
1692799725839543379 144.820653 0.000000
1692799725875135585 144.845220 0.000000
1692799725912764766 145.028675 0.000000
1692799725949204670 145.218399 0.000000
1692799726020976977 145.219884 0.000000
1692799726094347160 145.141147 0.000000
1692799726129023495 145.054453 0.000000
1692799726130192481 145.188725 0.000000
1692799726239630974 145.282983 0.000000
1692799726239991481 145.333006 0.000000
1692799726276073205 145.309591 0.000000
1692799726492967398 144.997164 0.000000
1692799726493323898 145.301886 0.000000
1692799726494183583 144.695247 0.000000
1692799726638343804 145.018334 0.000000
1692799726821291674 145.130874 0.000000
1692799726856694304 144.835912 0.000000
1692799726893154598 144.806584 0.000000
1692799727074964089 145.501041 0.000000
1692799727184880973 144.981516 0.000000
1692799727403446833 144.887208 0.000000
1692799727403498540 144.997224 0.000000
1692799727510444693 145.242056 0.000000
1692799727548462023 145.013737 0.000000
1692799727912002626 145.045636 0.000000
1692799728019313353 145.257753 0.000000
1692799728493717318 144.692704 0.000000
1692799728567008620 144.802537 0.000000
1692799728674906142 144.866139 0.000000
1692799728784909035 144.890046 0.000000
1692799728856603240 144.792349 0.000000
1692799729075091739 145.192612 0.000000
1692799729184082300 145.166773 0.000000
1692799729184356094 145.463941 0.000000
1692799729185255053 144.885375 0.000000
1692799729330073433 144.935971 0.000000
1692799729512261734 144.982355 0.000000
1692799729620324583 145.212307 0.000000
1692799729730629566 145.150432 0.000000
1692799729766831886 145.135426 0.000000
1692799729802901717 144.702862 0.000000
1692799729803807499 145.147837 0.000000
1692799729910780229 145.028392 0.000000
1692799729912212970 144.910240 0.000000
1692799730312490008 144.891265 0.000000
1692799730420706355 144.810283 0.000000
1692799730420746320 144.816926 0.000000
1692799730494268309 144.876497 0.000000
1692799730565441999 145.289935 0.000000
1692799730567131482 145.026660 0.000000
1692799730603666817 144.833195 0.000000
1692799730856156809 145.190075 0.000000
1692799730857077728 144.894991 0.000000
1692799730965543517 145.034846 0.000000
1692799730966759921 145.131928 0.000000
1692799731257223263 145.144233 0.000000
1692799731257820866 145.392669 0.000000
1692799731329053122 145.169068 0.000000
1692799731403421470 144.836719 0.000000
1692799731439745268 145.108461 0.000000
1692799731512712167 144.778495 0.000000
1692799731619568730 145.093565 0.000000
1692799731729756130 144.947212 0.000000
1692799731730370143 144.601673 0.000000
1692799731948228245 145.322126 0.000000
1692799732129015273 145.213741 0.000000
1692799732238143253 145.097803 0.000000
1692799732383854447 144.860316 0.000000
1692799732457237447 145.220673 0.000000
1692799732457842543 145.066734 0.000000
1692799732492972798 145.042357 0.000000
1692799732784549038 144.772219 0.000000
1692799732893484648 144.741915 0.000000
1692799732928633379 144.887519 0.000000
1692799732964122179 144.936318 0.000000
1692799733111752278 144.904991 0.000000
1692799733183183089 145.340789 0.000000
1692799733365463135 145.010850 0.000000
1692799733509747059 145.212448 0.000000
1692799733511185310 144.933393 0.000000
1692799733547640805 144.936749 0.000000
1692799733655971509 144.932864 0.000000
1692799733656464685 144.717720 0.000000
1692799733765348935 144.651626 0.000000
1692799733801090009 144.918064 0.000000
1692799733837435599 145.017631 0.000000
1692799733838085841 145.170058 0.000000
1692799733874438584 144.905092 0.000000
1692799734129297143 145.110517 0.000000
1692799734165030322 145.525636 0.000000
1692799734274508497 145.174675 0.000000
1692799734346201201 145.233816 0.000000
1692799734493043712 145.070592 0.000000
1692799734564367382 145.353313 0.000000
1692799734602277550 145.277542 0.000000
1692799734746302728 144.979039 0.000000
1692799734783277980 144.705005 0.000000
1692799734819792618 144.951331 0.000000
1692799734856763400 144.842774 0.000000
1692799735037082013 145.195439 0.000000
1692799735110684783 145.154351 0.000000
1692799735147119768 144.908636 0.000000
1692799735147604198 145.000458 0.000000
1692799735256253900 144.874642 0.000000
1692799735256819232 144.931049 0.000000
1692799735329264286 145.756460 0.000000
1692799735364718171 145.133099 0.000000
1692799735365237297 145.169427 0.000000
1692799735365707460 145.141525 0.000000
1692799735401312668 145.704521 0.000000
1692799735474036767 144.937191 0.000000
1692799735509896157 145.157056 0.000000
1692799735511379302 144.973871 0.000000
1692799735620409106 144.877140 0.000000
1692799735656879531 144.900612 0.000000
1692799735691971056 145.190189 0.000000
1692799735693492413 145.041079 0.000000
1692799735728116798 145.357501 0.000000
1692799735839315958 145.512400 0.000000
1692799736056123664 145.447406 0.000000
1692799736128547691 144.832573 0.000000
1692799736164401319 145.225244 0.000000
1692799736202132520 144.814011 0.000000
1692799736202551847 144.808310 0.000000
1692799736309426402 145.019212 0.000000
1692799736310076924 144.889518 0.000000
1692799736346360398 144.952299 0.000000
1692799736382997876 144.949364 0.000000
1692799736419585360 144.945949 0.000000
1692799736528086450 145.085899 0.000000
1692799736565404968 145.025857 0.000000
1692799736673345234 145.006660 0.000000
1692799736709974156 145.017490 0.000000
1692799736891251938 145.188694 0.000000
1692799736891556249 144.963131 0.000000
1692799736892466780 145.048311 0.000000
1692799737038534214 145.626246 0.000000
1692799737254686962 144.782689 0.000000
1692799737254742316 145.030845 0.000000
1692799737327387416 145.046675 0.000000
1692799737437772589 144.853773 0.000000
1692799737509605636 144.777131 0.000000
1692799737510145039 144.843515 0.000000
1692799737545498265 145.415179 0.000000
1692799737618211795 144.971107 0.000000
1692799737618919725 145.106832 0.000000
1692799737619577159 144.902539 0.000000
1692799737728601613 144.942180 0.000000
1692799737836813112 145.140031 0.000000
1692799737837688165 145.269133 0.000000
1692799737946151625 144.926239 0.000000
1692799738054688186 145.193795 0.000000
1692799738091538964 145.356501 0.000000
1692799738092839607 145.010521 0.000000
1692799738093140912 145.086934 0.000000
1692799738127680226 145.355505 0.000000
1692799738165371106 144.808761 0.000000
1692799738418591108 145.332193 0.000000
1692799738455384175 144.816514 0.000000
1692799738455928096 145.028002 0.000000
1692799738564625929 144.997432 0.000000
1692799738673572869 145.583004 0.000000
1692799738674495753 145.124854 0.000000
1692799738746167386 145.296727 0.000000
1692799738855467976 145.227255 0.000000
1692799738965616452 145.150921 0.000000
1692799739000610204 144.858505 0.000000
1692799739038459137 145.102202 0.000000
1692799739146070768 145.254417 0.000000
1692799739438461314 145.150995 0.000000
1692799739546702716 144.879040 0.000000
1692799739582460772 145.016508 0.000000
1692799739656383846 144.900404 0.000000
1692799739729205019 144.763676 0.000000
1692799739764814576 144.960766 0.000000
1692799739911380493 145.376032 0.000000
1692799739946040057 145.365085 0.000000
1692799740092293169 144.938412 0.000000
1692799740310103733 145.009026 0.000000
1692799740346847667 145.076109 0.000000
1692799740382405117 145.098584 0.000000
1692799740493216478 144.967148 0.000000
1692799740673415913 145.158707 0.000000
1692799740673770910 145.189586 0.000000
1692799740746023914 145.101820 0.000000
1692799741074479102 144.865367 0.000000
1692799741074505201 145.098345 0.000000
1692799741109671132 145.150378 0.000000
1692799741148394360 146.034392 0.000000
1692799741292763023 145.204413 0.000000
1692799741328253453 145.058927 0.000000
1692799741364826863 145.001744 0.000000
1692799741438735466 144.916390 0.000000
1692799741620420049 145.478956 0.000000
1692799741656305744 145.674285 0.000000
1692799741691485827 145.050663 0.000000
1692799741947484624 144.883036 0.000000
1692799742020692655 144.794421 0.000000
1692799742056944067 144.978879 0.000000
1692799742346157438 145.189646 0.000000
1692799742418582023 145.215202 0.000000
1692799742419438061 144.963039 0.000000
1692799742673657179 145.425759 0.000000
1692799742782750823 145.167864 0.000000
1692799742784340128 145.092613 0.000000
1692799742856476323 144.848822 0.000000
1692799742857375962 145.244356 0.000000
1692799742965340848 145.093555 0.000000
1692799743000691267 145.164990 0.000000
1692799743184371880 145.039442 0.000000
1692799743219332738 144.899850 0.000000
1692799743220442362 144.888478 0.000000
1692799743292120275 145.028899 0.000000
1692799743328560956 144.745571 0.000000
1692799743329903297 145.529844 0.000000
1692799743402463436 144.819799 0.000000
1692799743437173545 145.050034 0.000000
1692799743439092129 144.940849 0.000000
1692799743547686304 145.144009 0.000000
1692799743582501417 145.166670 0.000000
1692799743582634127 145.168974 0.000000
1692799743728267355 145.068628 0.000000
1692799743838345969 144.879300 0.000000
1692799743911610026 145.040778 0.000000
1692799743946573676 145.567241 0.000000
1692799744056786424 144.948470 0.000000
1692799744164932169 145.447881 0.000000
1692799744310251286 145.380933 0.000000
1692799744310552491 145.026778 0.000000
1692799744420039774 144.942160 0.000000
1692799744455660671 144.897975 0.000000
1692799744528324116 145.087320 0.000000
1692799744565238416 145.173406 0.000000
1692799744637974637 145.206444 0.000000
1692799744638636370 144.701566 0.000000
1692799744710770522 145.010005 0.000000
1692799744783707753 145.729228 0.000000
1692799744819407065 145.410035 0.000000
1692799745220005041 145.073625 0.000000
1692799745476476971 145.649390 0.000000
1692799745911497926 145.401926 0.000000
1692799745949255725 145.271796 0.000000
1692799745984106166 145.010056 0.000000
1692799746239011152 145.070240 0.000000
1692799746385030014 144.827905 0.000000
1692799746421861253 145.113479 0.000000
1692799746456369371 145.080558 0.000000
1692799746456573925 144.845508 0.000000
1692799746530009831 144.978374 0.000000
1692799746530854678 144.952335 0.000000
1692799746640137999 145.438921 0.000000
1692799747112666994 144.859432 0.000000
1692799747220108513 145.152212 0.000000
1692799747220257854 144.917712 0.000000
1692799747221285203 144.784682 0.000000
1692799747548599536 144.921399 0.000000
1692799747694812944 145.053459 0.000000
1692799747729596939 145.378158 0.000000
1692799747766688191 144.975033 0.000000
1692799747803592256 145.238104 0.000000
1692799747839078542 144.805593 0.000000
1692799747874890147 145.290633 0.000000
1692799747911559674 144.896681 0.000000
1692799748092941618 145.236460 0.000000
1692799748130426299 145.480013 0.000000
1692799748131229197 144.899312 0.000000
1692799748165874800 144.670175 0.000000
1692799748239504412 144.811274 0.000000
1692799748240204537 144.866257 0.000000
1692799748347581203 145.294229 0.000000
1692799748420418778 144.914227 0.000000
1692799748566374632 145.103042 0.000000
1692799748639749571 145.421107 0.000000
1692799748675712132 144.943142 0.000000
1692799748676149142 144.903026 0.000000
1692799748749154943 145.204504 0.000000
1692799748785242255 145.188873 0.000000
1692799749112107836 145.162102 0.000000
1692799749147833849 145.145569 0.000000
1692799749185083176 145.248303 0.000000
1692799749221067217 144.879501 0.000000
1692799749366328943 144.768800 0.000000
1692799749439040680 145.381953 0.000000
1692799749656866238 145.290481 0.000000
1692799749839244445 144.681469 0.000000
1692799749912152439 145.181458 0.000000
1692799749949942482 144.858100 0.000000
1692799750058832621 145.051202 0.000000
1692799750165879440 144.804580 0.000000
1692799750202278312 144.780528 0.000000
1692799750311081649 145.200525 0.000000
1692799750422095842 145.108203 0.000000
1692799750422099929 144.993347 0.000000
1692799750531069548 145.183033 0.000000
1692799750602647877 145.131396 0.000000
1692799750674258855 145.064900 0.000000
1692799750676254583 145.183962 0.000000
1692799750783414285 144.902375 0.000000
1692799750819631713 144.934916 0.000000
1692799750857902218 145.013694 0.000000
1692799750930081292 144.892314 0.000000
1692799750965737175 144.766517 0.000000
1692799750966269325 144.991951 0.000000
1692799750967032649 144.863460 0.000000
1692799751039850335 145.090708 0.000000
1692799751364594608 145.041432 0.000000
1692799751365090439 144.755977 0.000000
1692799751402179013 144.971603 0.000000
1692799751510261818 145.628227 0.000000
1692799751547360400 145.147655 0.000000
1692799751765242304 145.015064 0.000000
1692799751802016881 144.913446 0.000000
1692799751911284179 144.787419 0.000000
1692799752018799820 145.191659 0.000000
1692799752164853755 144.894457 0.000000
1692799752236836432 145.096918 0.000000
1692799752274910947 144.914104 0.000000
1692799752310222885 144.918985 0.000000
1692799752346597169 144.752434 0.000000
1692799752419780388 144.868259 0.000000
1692799752565401821 144.879890 0.000000
1692799752927346823 145.049471 0.000000
1692799753145461945 145.376536 0.000000
1692799753290778234 145.313344 0.000000
1692799753292368963 144.800601 0.000000
1692799753364068369 144.806144 0.000000
1692799753401824745 145.013169 0.000000
1692799753582039135 145.321026 0.000000
1692799753582737627 145.382071 0.000000
1692799753654738331 144.600719 0.000000
1692799753873195562 144.891111 0.000000
1692799754053978002 145.155260 0.000000
1692799754054337918 144.811444 0.000000
1692799754236543619 144.763953 0.000000
1692799754344893215 144.711567 0.000000
1692799754381604369 145.188830 0.000000
1692799754417378876 145.286866 0.000000
1692799754419053131 145.584806 0.000000
1692799754419059543 145.433541 0.000000
1692799754563957305 145.066569 0.000000
1692799754599548359 145.212697 0.000000
1692799754673451462 145.718176 0.000000
1692799754853771151 145.106788 0.000000
1692799754854918226 144.794702 0.000000
1692799754891193080 144.779072 0.000000
1692799754999859342 144.939423 0.000000
1692799755037249481 145.117677 0.000000
1692799755071699930 145.130001 0.000000
1692799755072381931 145.339274 0.000000
1692799755072667247 144.836810 0.000000
1692799755181425890 144.849082 0.000000
1692799755182208340 144.860604 0.000000
1692799755217328378 144.945345 0.000000
1692799755254478267 144.744045 0.000000
1692799755328536713 145.583444 0.000000
1692799755434926987 145.263732 0.000000
1692799755435645867 144.954962 0.000000
1692799755471916937 144.889038 0.000000
1692799755507513268 145.110585 0.000000
1692799755653231693 145.335486 0.000000
1692799755654452817 145.288819 0.000000
1692799755835733611 145.298467 0.000000
1692799755835846974 145.141732 0.000000
1692799755944958749 145.235739 0.000000
1692799756054124289 144.978166 0.000000
1692799756272816070 145.866382 0.000000
1692799756308481291 145.243402 0.000000
1692799756309011858 145.234365 0.000000
1692799756454198014 144.999126 0.000000
1692799756491335110 145.371665 0.000000
1692799756527034254 145.400291 0.000000
1692799756672270866 145.235480 0.000000
1692799756781684948 145.271415 0.000000
1692799756818005470 145.313132 0.000000
1692799756891607197 145.033007 0.000000
1692799756892053927 144.981731 0.000000
1692799756927230591 145.437670 0.000000
1692799756927263433 145.545943 0.000000
1692799757072497208 145.231812 0.000000
1692799757072571668 145.033770 0.000000
1692799757218484439 144.897514 0.000000
1692799757399711800 144.853511 0.000000
1692799757509236163 144.969760 0.000000
1692799757546437931 145.013854 0.000000
1692799757727208385 144.867926 0.000000
1692799757872969109 145.006507 0.000000
1692799757909311933 145.220689 0.000000
1692799758129290333 145.167361 0.000000
1692799758273981850 145.199461 0.000000
1692799758310987627 145.383086 0.000000
1692799758346776431 144.952389 0.000000
1692799758382514639 145.365181 0.000000
1692799758456110935 144.764794 0.000000
1692799758564192267 145.197195 0.000000
1692799758600900949 145.561433 0.000000
1692799758818653485 145.200140 0.000000
1692799758891825295 145.116954 0.000000
1692799758963883643 145.171558 0.000000
1692799759072904910 145.123797 0.000000
1692799759109118471 145.232815 0.000000
1692799759109618581 145.182390 0.000000
1692799759146302303 145.121083 0.000000
1692799759146543486 145.343651 0.000000
1692799759183162809 144.791645 0.000000
1692799759183285219 145.316671 0.000000
1692799759438315795 144.848279 0.000000
1692799759473687536 145.026295 0.000000
1692799759582347985 145.144008 0.000000
1692799759582700898 145.015807 0.000000
1692799759656040824 145.184792 0.000000
1692799759727404817 145.173761 0.000000
1692799759872748359 145.341088 0.000000
1692799759873227960 145.030926 0.000000
1692799760128872691 144.925886 0.000000
1692799760236802439 144.982815 0.000000
1692799760345997711 144.967945 0.000000
1692799760420075134 145.282109 0.000000
1692799760600910547 144.581439 0.000000
1692799760674328089 144.970832 0.000000
1692799760855210362 145.511485 0.000000
1692799760891463798 145.361033 0.000000
1692799760965543655 144.800292 0.000000
1692799761036712673 145.246681 0.000000
1692799761146223568 144.831949 0.000000
1692799761147841006 145.237681 0.000000
1692799761147900568 144.981631 0.000000
1692799761329850381 145.001351 0.000000
1692799761402751760 145.193187 0.000000
1692799761474303268 144.948688 0.000000
1692799761692353866 145.090677 0.000000
1692799761693242715 144.880833 0.000000
1692799761729022622 144.769684 0.000000
1692799761838526834 145.282676 0.000000
1692799761946961298 145.326617 0.000000
1692799761947115949 144.705280 0.000000
1692799761983851951 144.830007 0.000000
1692799762201220778 144.898635 0.000000
1692799762272864497 145.130300 0.000000
1692799762310073140 144.958319 0.000000
1692799762709722977 144.787777 0.000000
1692799762927942830 145.580104 0.000000
1692799763074492979 144.808106 0.000000
1692799763110156658 145.356676 0.000000
1692799763182552660 145.315096 0.000000
1692799763292093731 144.922760 0.000000
1692799763330026162 145.034611 0.000000
1692799763510279265 145.663554 0.000000
1692799763547076720 145.135678 0.000000
1692799763584219296 145.437778 0.000000
1692799763620514820 145.709528 0.000000
1692799763911209938 144.927060 0.000000
1692799763948260800 144.883336 0.000000
1692799763983773956 144.956095 0.000000
1692799764093753779 144.926605 0.000000
1692799764165624978 145.038329 0.000000
1692799764166579601 144.758373 0.000000
1692799764238816754 145.008212 0.000000
1692799764456957261 145.003714 0.000000
1692799764530256829 145.079064 0.000000
1692799764530375421 145.006077 0.000000
1692799764820584024 144.857206 0.000000
1692799764894328019 145.037717 0.000000
1692799764894728391 145.381332 0.000000
1692799765039224429 145.245746 0.000000
1692799765148123926 144.823003 0.000000
1692799765149198785 144.966072 0.000000
1692799765329527501 145.024323 0.000000
1692799765403860380 144.937678 0.000000
1692799765440436742 144.869260 0.000000
1692799765475580532 145.021614 0.000000
1692799765475753026 144.825626 0.000000
1692799765585333963 144.896260 0.000000
1692799765658090462 145.022068 0.000000
1692799765694289267 145.127626 0.000000
1692799765731013285 144.916219 0.000000
1692799765766973599 144.900057 0.000000
1692799765802798330 144.644509 0.000000
1692799765838265197 145.180713 0.000000
1692799765983354860 145.088581 0.000000
1692799765984239422 145.288597 0.000000
1692799765985125917 145.475688 0.000000
1692799766019929450 144.997011 0.000000
1692799766094358541 144.856699 0.000000
1692799766130915274 144.825947 0.000000
1692799766237855182 145.098730 0.000000
1692799766311618561 144.943126 0.000000
1692799766311717838 144.799748 0.000000
1692799766346525348 145.035662 0.000000
1692799766457764599 145.042855 0.000000
1692799766675672688 144.976520 0.000000
1692799766819773996 144.931627 0.000000
1692799766964187028 145.366183 0.000000
1692799767000467032 145.025091 0.000000
1692799767037941091 145.202182 0.000000
1692799767074710307 144.960613 0.000000
1692799767109899902 145.212654 0.000000
1692799767183587059 144.815829 0.000000
1692799767219060410 145.029549 0.000000
1692799767254505927 144.959960 0.000000
1692799767365546546 144.965270 0.000000
1692799767436238307 145.010865 0.000000
1692799767474781784 145.034809 0.000000
1692799767581359519 145.106785 0.000000
1692799767654579821 145.032008 0.000000
1692799767656667603 144.815882 0.000000
1692799767692700032 144.916650 0.000000
1692799768017650029 145.045158 0.000000
1692799768054534498 144.808123 0.000000
1692799768127406154 145.016757 0.000000
1692799768272856313 145.298534 0.000000
1692799768273767384 145.290900 0.000000
1692799768417877208 144.913675 0.000000
1692799768453220514 144.943548 0.000000
