1692799619365149901 177.138478 0.000000
1692799619496633338 145.149528 0.000000
1692799619542284832 177.029022 0.000000
1692799619570680873 145.024933 0.000000
1692799619605763214 145.170347 0.000000
1692799619686380359 177.186348 0.000000
1692799619824625287 144.893156 0.000000
1692799619896789385 177.078045 0.000000
1692799620115396930 144.818385 0.000000
1692799620297187076 144.854403 0.000000
1692799620332656895 145.121285 0.000000
1692799620346256752 145.121366 0.000000
1692799620406034412 144.997743 0.000000
1692799620601066723 145.152865 0.000000
1692799620695934309 177.256650 0.000000
1692799620840567278 177.170279 0.000000
1692799620951345779 145.363540 0.000000
1692799621145955024 145.164986 0.000000
1692799621206221983 144.700093 0.000000
1692799621206339634 146.024671 0.000000
1692799621228317669 177.259585 0.000000
1692799621373041016 177.310150 0.000000
1692799621405529504 177.209561 0.000000
1692799621533790428 145.259114 0.000000
1692799621582775754 177.243745 0.000000
1692799621582834815 176.863581 0.000000
1692799621715845550 144.923142 0.000000
1692799622006374065 145.239476 0.000000
1692799622070474966 177.187809 0.000000
1692799622079863802 145.152061 0.000000
1692799622152241934 144.743777 0.000000
1692799622470251469 177.082311 0.000000
1692799622516915516 145.237713 0.000000
1692799622626251079 145.438762 0.000000
1692799622673955129 145.308607 0.000000
1692799622710223417 144.883198 0.000000
1692799622736512882 177.108993 0.000000
1692799622868889535 177.011699 0.000000
1692799622880917749 145.212214 0.000000
1692799622916571875 145.239517 0.000000
1692799623134841315 177.308225 0.000000
1692799623171293067 144.866523 0.000000
1692799623172164374 145.111724 0.000000
1692799623180016935 177.326290 0.000000
1692799623207270800 145.072011 0.000000
1692799623207370477 145.027317 0.000000
1692799623316484064 145.188712 0.000000
1692799623352684784 145.411309 0.000000
1692799623462633137 144.889527 0.000000
1692799623489280364 177.086559 0.000000
1692799623534669295 145.228286 0.000000
1692799623534847600 145.211365 0.000000
1692799623571283181 144.857779 0.000000
1692799623607986006 145.332160 0.000000
1692799623643569759 145.246509 0.000000
1692799623692671816 145.130512 0.000000
1692799623712051560 177.203671 0.000000
1692799623936229138 144.990408 0.000000
1692799624007869250 145.225929 0.000000
1692799624043987608 145.093783 0.000000
1692799624066764814 177.266387 0.000000
1692799624080915216 144.892917 0.000000
1692799624116876707 145.105195 0.000000
1692799624215782918 177.090867 0.000000
1692799624347579202 145.196295 0.000000
1692799624371582211 145.270866 0.000000
1692799624408608051 144.871606 0.000000
1692799624492638028 145.056913 0.000000
1692799624553860742 177.145138 0.000000
1692799624637870470 145.230710 0.000000
1692799624662891301 145.112919 0.000000
1692799624917165505 145.074447 0.000000
1692799624953987103 144.700695 0.000000
1692799625043007133 177.164396 0.000000
1692799625280962883 144.917462 0.000000
1692799625308903277 177.132196 0.000000
1692799625329505307 144.945134 0.000000
1692799625353696901 145.123850 0.000000
1692799625353799754 144.875703 0.000000
1692799625486150569 177.126124 0.000000
1692799625572133855 145.572723 0.000000
1692799625572814573 145.476602 0.000000
1692799625574751812 176.992893 0.000000
1692799625636274459 177.409143 0.000000
1692799625754230485 145.178361 0.000000
1692799625791194961 145.294891 0.000000
1692799625929819080 177.311171 0.000000
1692799626056316451 145.362908 0.000000
1692799626081434604 144.833914 0.000000
1692799626154533817 144.879648 0.000000
1692799626169084339 177.006468 0.000000
1692799626480872329 145.187187 0.000000
1692799626523998310 177.125253 0.000000
1692799626528352709 145.024693 0.000000
1692799626639572371 177.197368 0.000000
1692799626663163595 144.786554 0.000000
1692799626819103401 144.961403 0.000000
1692799626905506005 177.089735 0.000000
1692799626928213840 145.026856 0.000000
1692799626955319377 145.761987 0.000000
1692799627100175864 144.855135 0.000000
1692799627208713877 144.797675 0.000000
1692799627281506816 145.318323 0.000000
1692799627281921595 144.959068 0.000000
1692799627348528783 177.043368 0.000000
1692799627390732071 145.028899 0.000000
1692799627525674603 177.143525 0.000000
1692799627536728908 144.902000 0.000000
1692799627536865284 145.665003 0.000000
1692799627727714516 145.135390 0.000000
1692799627827610325 145.261256 0.000000
1692799627836798464 144.964378 0.000000
1692799628118711825 145.244173 0.000000
1692799628146877512 177.127012 0.000000
1692799628155720814 144.954680 0.000000
1692799628191800800 144.805510 0.000000
1692799628264611130 144.871144 0.000000
1692799628590182449 177.066981 0.000000
1692799628672418476 145.061181 0.000000
1692799628708533838 144.906531 0.000000
1692799628856287275 177.342481 0.000000
1692799628883062170 145.282255 0.000000
1692799628918975863 144.947088 0.000000
1692799629028143257 145.078813 0.000000
1692799629063921846 144.942115 0.000000
1692799629064914410 145.268919 0.000000
1692799629210956824 177.084083 0.000000
1692799629464716409 144.600624 0.000000
1692799629500687779 145.166958 0.000000
1692799629501341317 145.300960 0.000000
1692799629682326069 145.387343 0.000000
1692799629756036380 144.968397 0.000000
1692799629864282433 145.400537 0.000000
1692799629907932659 144.913563 0.000000
1692799629987587256 177.364260 0.000000
1692799630009503176 145.177130 0.000000
1692799630089687206 145.105554 0.000000
1692799630118573166 145.057283 0.000000
1692799630228603062 144.992472 0.000000
1692799630234569680 144.880111 0.000000
1692799630300342260 145.083502 0.000000
1692799630373714567 145.110633 0.000000
1692799630374180082 145.075437 0.000000
1692799630518387096 145.305367 0.000000
1692799630524599667 144.915015 0.000000
1692799630542228050 177.283536 0.000000
1692799630706055653 144.879269 0.000000
1692799630719432931 177.025394 0.000000
1692799630736878161 144.917841 0.000000
1692799630847235802 145.176056 0.000000
1692799630955746454 145.047094 0.000000
1692799631210436496 145.032454 0.000000
1692799631249998140 144.789730 0.000000
1692799631318980881 145.195451 0.000000
1692799631428323235 144.977422 0.000000
1692799631607243638 177.214178 0.000000
1692799631683357463 145.303735 0.000000
1692799631684685407 144.756707 0.000000
1692799631793244029 145.154195 0.000000
1692799632102099137 177.321871 0.000000
1692799632139190150 177.121414 0.000000
1692799632139239172 177.207766 0.000000
1692799632228863246 144.612636 0.000000
1692799632410846401 144.737250 0.000000
1692799632446550169 145.094602 0.000000
1692799632628410885 145.126904 0.000000
1692799632628472160 145.223174 0.000000
1692799632773873049 145.084805 0.000000
1692799632809501855 145.136520 0.000000
1692799632992203901 144.933761 0.000000
1692799633006736670 177.233974 0.000000
1692799633137557840 144.799969 0.000000
1692799633344779725 177.171437 0.000000
1692799633682349322 145.271655 0.000000
1692799633863805849 145.363900 0.000000
1692799634003779502 177.184442 0.000000
1692799634082340144 144.946656 0.000000
1692799634250379445 177.329793 0.000000
1692799634358765332 177.307462 0.000000
1692799634446475401 145.082328 0.000000
1692799634809872924 145.148083 0.000000
1692799634847306289 145.271313 0.000000
1692799634954991901 145.104961 0.000000
1692799635031677181 177.038138 0.000000
1692799635068784938 177.072825 0.000000
1692799635068890526 177.206896 0.000000
1692799635138499311 145.061411 0.000000
1692799635282749346 145.314895 0.000000
1692799635334941135 177.239784 0.000000
1692799635391381686 145.056401 0.000000
1692799635493872800 177.234336 0.000000
1692799635512057919 177.114409 0.000000
1692799635646764458 145.060989 0.000000
1692799636119379220 144.846096 0.000000
1692799636265220153 144.818533 0.000000
1692799636301859189 145.196665 0.000000
1692799636410891118 144.992891 0.000000
1692799636453024643 177.270793 0.000000
1692799636559545346 177.031774 0.000000
1692799636629041290 145.285009 0.000000
1692799636629695639 145.086126 0.000000
1692799636666424753 145.245425 0.000000
1692799636702273302 145.611132 0.000000
1692799636719356683 177.384347 0.000000
1692799636738657417 145.217643 0.000000
1692799636775744884 145.187676 0.000000
1692799636811523112 145.096295 0.000000
1692799636920226125 145.184843 0.000000
1692799637138337394 145.177597 0.000000
1692799637138885373 145.023338 0.000000
1692799637357769775 145.220339 0.000000
1692799637518391754 177.079513 0.000000
1692799637540004172 144.851214 0.000000
1692799637553829041 177.118856 0.000000
1692799637611806458 145.641849 0.000000
1692799637720385227 145.376160 0.000000
1692799637721257195 144.966941 0.000000
1692799637831295616 145.193357 0.000000
1692799637939782062 145.103007 0.000000
1692799637975408964 144.778888 0.000000
1692799637996843178 177.026264 0.000000
1692799638012681720 144.971190 0.000000
1692799638121424366 144.986549 0.000000
1692799638267468292 145.585555 0.000000
1692799638374475348 144.956551 0.000000
1692799638375051360 144.914282 0.000000
1692799638412456713 144.986187 0.000000
1692799638448454443 144.961792 0.000000
1692799638519539011 145.054736 0.000000
1692799638775887847 144.866363 0.000000
1692799638994320009 145.125079 0.000000
1692799639102125897 144.741429 0.000000
1692799639102570221 145.041141 0.000000
1692799639173783209 145.121569 0.000000
1692799639223861147 177.403510 0.000000
1692799639247166295 145.038405 0.000000
1692799639357442352 144.871683 0.000000
1692799639471707953 177.321828 0.000000
1692799639503561518 145.565306 0.000000
1692799639610866413 145.082298 0.000000
1692799639682688116 177.171997 0.000000
1692799639828774050 144.773468 0.000000
1692799639829650516 145.023238 0.000000
1692799639865341860 144.962012 0.000000
1692799640192207768 145.180011 0.000000
1692799640302818654 144.994062 0.000000
1692799640410730689 144.987049 0.000000
1692799640447460012 145.559073 0.000000
1692799640556050152 145.178959 0.000000
1692799640570231591 177.276613 0.000000
1692799640739664730 145.023678 0.000000
1692799640774338974 145.197164 0.000000
1692799640812000198 144.874848 0.000000
1692799640910991307 177.276934 0.000000
1692799640957046108 144.953877 0.000000
1692799641029925859 144.775001 0.000000
1692799641065944277 145.077590 0.000000
1692799641648741504 145.930382 0.000000
1692799641710170634 177.011221 0.000000
1692799641724646246 177.141487 0.000000
1692799641830503562 144.949738 0.000000
1692799641830592409 145.325825 0.000000
1692799641976070019 145.481617 0.000000
1692799642079939683 177.303535 0.000000
1692799642229758539 145.261065 0.000000
1692799642303214460 145.646899 0.000000
1692799642331790828 177.296240 0.000000
1692799642448020919 144.920133 0.000000
1692799642700812781 177.006124 0.000000
1692799642993991148 145.428847 0.000000
1692799643139325639 145.314193 0.000000
1692799643233509968 177.756314 0.000000
1692799643248276305 145.527663 0.000000
1692799643394310712 145.110361 0.000000
1692799643466768107 145.081946 0.000000
1692799643539552409 145.439248 0.000000
1692799643575594451 145.142010 0.000000
1692799643612784610 145.107144 0.000000
1692799643676880459 177.089941 0.000000
1692799643831316277 145.249121 0.000000
1692799643854110585 177.228142 0.000000
1692799643976459120 145.141580 0.000000
1692799644266833678 145.076227 0.000000
1692799644303185812 144.948076 0.000000
1692799644741588663 144.772797 0.000000
1692799644775645426 145.229886 0.000000
1692799644776230175 144.866222 0.000000
1692799644776803251 145.211671 0.000000
1692799644850055009 144.711339 0.000000
1692799644918627107 177.147749 0.000000
1692799645066555862 145.091475 0.000000
1692799645104494206 145.025891 0.000000
1692799645139062321 144.975228 0.000000
1692799645139957864 144.765644 0.000000
1692799645249780517 145.125299 0.000000
1692799645357585040 145.146256 0.000000
1692799645357688474 145.246255 0.000000
1692799645527555257 176.963854 0.000000
1692799645575988837 144.924380 0.000000
1692799645628689792 177.364006 0.000000
1692799645758580372 144.928227 0.000000
1692799645794234676 144.880559 0.000000
1692799645866796679 145.267956 0.000000
1692799645939505117 144.750744 0.000000
1692799646085811684 145.411846 0.000000
1692799646157543948 145.217551 0.000000
1692799646194466204 145.320515 0.000000
1692799646449355616 144.961500 0.000000
1692799646449385803 145.210689 0.000000
1692799646486036088 144.942544 0.000000
1692799646522547082 145.058784 0.000000
1692799646594939656 144.738461 0.000000
1692799646605212623 177.212852 0.000000
1692799646667884467 145.253678 0.000000
1692799646886374335 145.082036 0.000000
1692799647030546162 144.778697 0.000000
1692799647067428553 145.175731 0.000000
1692799647226405730 177.287592 0.000000
1692799647315397655 177.286220 0.000000
1692799647394429070 144.958465 0.000000
1692799647466724963 144.862223 0.000000
1692799647613266311 144.864047 0.000000
1692799647649616883 144.778907 0.000000
1692799647867315566 144.852147 0.000000
1692799647936682676 177.255172 0.000000
1692799647976867490 144.650577 0.000000
1692799648012857555 145.179378 0.000000
1692799648122517302 145.221647 0.000000
1692799648266922447 144.886529 0.000000
1692799648267488911 144.970347 0.000000
1692799648377227898 144.952603 0.000000
1692799648411743965 144.820676 0.000000
1692799648619830853 176.969707 0.000000
1692799648630421386 145.089352 0.000000
1692799648630499303 145.091917 0.000000
1692799648668325717 145.541421 0.000000
1692799648704090949 144.741128 0.000000
1692799648740684948 144.828071 0.000000
1692799648813150509 144.823961 0.000000
1692799648847815444 145.533483 0.000000
1692799648957460113 145.067057 0.000000
1692799649029683830 145.097504 0.000000
1692799649211375746 145.040118 0.000000
1692799649418686142 177.161575 0.000000
1692799649612734197 145.315915 0.000000
1692799649647461350 145.030700 0.000000
1692799649756974743 144.785220 0.000000
1692799649773501297 177.280519 0.000000
1692799649865319601 145.095432 0.000000
1692799649865982967 145.422396 0.000000
1692799650011225664 144.715487 0.000000
1692799650066418680 177.070695 0.000000
1692799650421444510 177.526039 0.000000
1692799650519672103 144.802250 0.000000
1692799650556372253 145.076096 0.000000
1692799650810997687 145.135857 0.000000
1692799650847312661 145.402046 0.000000
1692799650884065018 144.740524 0.000000
1692799650920225453 144.859177 0.000000
1692799651028711696 145.124245 0.000000
1692799651131035133 177.061997 0.000000
1692799651283535954 144.974904 0.000000
1692799651319794003 144.808793 0.000000
1692799651538986308 145.237889 0.000000
1692799651574018485 145.113987 0.000000
1692799651721194213 145.193765 0.000000
1692799651939440021 145.381288 0.000000
1692799651994468027 177.297740 0.000000
1692799652010510943 145.129384 0.000000
1692799652047678048 144.952862 0.000000
1692799652084240609 145.352344 0.000000
1692799652229312555 145.069662 0.000000
1692799652374694384 177.099267 0.000000
1692799652376291023 145.190299 0.000000
1692799652411610879 144.807490 0.000000
1692799652527438593 177.498678 0.000000
1692799652594289147 144.982229 0.000000
1692799652775972925 145.572447 0.000000
1692799652920367460 144.678939 0.000000
1692799653030477132 145.544154 0.000000
1692799653065950386 144.857914 0.000000
1692799653076919531 177.209354 0.000000
1692799653084627520 177.259649 0.000000
1692799653138302534 145.328147 0.000000
1692799653247266614 145.134063 0.000000
1692799653284446664 144.899903 0.000000
1692799653610632389 145.081616 0.000000
1692799653685468042 145.137861 0.000000
1692799653902393800 144.926383 0.000000
1692799654010715003 145.049744 0.000000
1692799654048982475 145.054462 0.000000
1692799654338484822 145.337095 0.000000
1692799654375266404 145.077126 0.000000
1692799654811650207 144.843888 0.000000
1692799654811792574 145.016953 0.000000
1692799654811938839 145.094940 0.000000
1692799654860543840 177.161785 0.000000
1692799654884351040 144.718493 0.000000
1692799654920368185 145.246504 0.000000
1692799654957438729 145.050516 0.000000
1692799655067568128 145.127630 0.000000
1692799655175245922 145.455796 0.000000
1692799655192556268 177.364454 0.000000
1692799655369675974 177.116840 0.000000
1692799655429926119 144.907537 0.000000
1692799655539338038 144.890113 0.000000
1692799655683955080 145.023856 0.000000
1692799655724382159 177.072176 0.000000
1692799655836760964 177.092163 0.000000
1692799656102782745 177.368432 0.000000
1692799656157563166 144.720065 0.000000
1692799656186034878 177.293732 0.000000
1692799656193091754 145.055776 0.000000
1692799656345508006 177.054303 0.000000
1692799656375311038 145.257625 0.000000
1692799656447593165 145.054814 0.000000
1692799656447999087 145.308520 0.000000
1692799656484761322 144.974663 0.000000
1692799656556873640 144.817378 0.000000
1692799656592932513 144.850109 0.000000
1692799656629654894 144.891548 0.000000
1692799656811252761 144.936492 0.000000
1692799656847223477 144.857301 0.000000
1692799656895692913 177.109925 0.000000
1692799657138853421 144.862102 0.000000
1692799657233960632 177.560784 0.000000
1692799657429891002 145.045526 0.000000
1692799657503117633 145.084290 0.000000
1692799657720621756 145.323959 0.000000
1692799657829967915 145.166654 0.000000
1692799658033126211 177.251993 0.000000
1692799658049016869 144.711688 0.000000
1692799658122381609 145.202671 0.000000
1692799658157395069 144.999649 0.000000
1692799658158256156 145.005680 0.000000
1692799658193736614 145.194637 0.000000
1692799658405576848 177.280346 0.000000
1692799658411874979 144.923467 0.000000
1692799658486268270 145.805755 0.000000
1692799658522685988 146.325220 0.000000
1692799658589320215 177.146946 0.000000
1692799658629951528 145.193364 0.000000
1692799658671546430 176.853575 0.000000
1692799658739114191 145.305455 0.000000
1692799658812945486 144.877550 0.000000
1692799658848679449 177.131947 0.000000
1692799658958126737 144.931562 0.000000
1692799659032961538 177.073668 0.000000
1692799659175678350 144.956138 0.000000
1692799659176823511 145.227408 0.000000
1692799659211845737 144.930620 0.000000
1692799659286133781 144.888391 0.000000
1692799659466325516 145.265970 0.000000
1692799659503895679 144.908849 0.000000
1692799659576506531 144.736344 0.000000
1692799659611565306 145.237576 0.000000
1692799659920531434 177.211346 0.000000
1692799659939895287 145.489080 0.000000
1692799659975522791 145.199506 0.000000
1692799660180978290 177.283180 0.000000
1692799660339066085 144.798663 0.000000
1692799660521045809 145.083958 0.000000
1692799660624799452 177.414640 0.000000
1692799660666454797 145.008766 0.000000
1692799660666851312 144.898229 0.000000
1692799660884328054 145.056426 0.000000
1692799660993773307 145.010741 0.000000
1692799661212420587 145.027822 0.000000
1692799661251953727 177.002344 0.000000
1692799661285127812 144.801439 0.000000
1692799661410367995 177.278643 0.000000
1692799661539429396 144.802449 0.000000
1692799661648797935 145.371438 0.000000
1692799661853937141 177.000460 0.000000
1692799661903880796 144.873051 0.000000
1692799661939258396 145.132625 0.000000
1692799662011911289 144.849234 0.000000
1692799662012373387 144.663736 0.000000
1692799662120829423 145.080392 0.000000
1692799662303101577 144.877841 0.000000
1692799662338757512 144.911464 0.000000
1692799662402443011 177.289503 0.000000
1692799662406010993 177.073377 0.000000
1692799662557834060 144.811737 0.000000
1692799662666110177 144.643761 0.000000
1692799662702054105 145.208912 0.000000
1692799662703604096 145.220303 0.000000
1692799662811124895 145.349977 0.000000
1692799662849285647 177.021149 0.000000
1692799663065477374 144.940107 0.000000
1692799663115527517 177.042507 0.000000
1692799663175154501 144.857681 0.000000
1692799663466160933 144.771721 0.000000
1692799663576376893 145.098404 0.000000
1692799663611200046 145.276249 0.000000
1692799663757648026 144.765139 0.000000
1692799663902195134 145.295784 0.000000
1692799663913856168 177.179335 0.000000
1692799664048090977 144.860749 0.000000
1692799664120973761 145.041728 0.000000
1692799664162876922 177.244488 0.000000
1692799664193289599 145.144540 0.000000
1692799664266326833 145.134130 0.000000
1692799664376037705 144.973659 0.000000
1692799664485799955 145.080742 0.000000
1692799664630749960 144.948342 0.000000
1692799664702690524 144.782352 0.000000
1692799665211460854 145.161964 0.000000
1692799665244607447 177.349305 0.000000
1692799665322226787 145.025217 0.000000
1692799665333858727 177.065341 0.000000
1692799665429597875 145.312077 0.000000
1692799665511028613 177.167000 0.000000
1692799665511227978 176.852841 0.000000
1692799665684374959 144.906664 0.000000
1692799665793188427 145.094858 0.000000
1692799666120526592 144.967539 0.000000
1692799666194529968 144.736361 0.000000
1692799666303893749 144.835719 0.000000
1692799666375517308 144.941973 0.000000
1692799666449054631 145.159359 0.000000
1692799666484608867 144.982847 0.000000
1692799666576693129 177.260297 0.000000
1692799666631450336 144.871498 0.000000
1692799666739325199 144.849997 0.000000
1692799666775192342 144.934045 0.000000
1692799667004235038 177.382317 0.000000
1692799667030902800 145.021350 0.000000
1692799667109222968 177.114825 0.000000
1692799667139250141 145.254777 0.000000
1692799667284799121 145.008405 0.000000
1692799667322454332 144.926902 0.000000
1692799667394371784 145.131527 0.000000
1692799667540317780 145.140293 0.000000
1692799667552958093 177.347080 0.000000
1692799667648918496 145.490140 0.000000
1692799667685957631 144.904099 0.000000
1692799667793983307 145.062516 0.000000
1692799667830241615 144.962890 0.000000
1692799667830904710 144.907316 0.000000
1692799668048431334 145.316104 0.000000
1692799668048982719 144.721377 0.000000
1692799668267263269 145.015317 0.000000
1692799668267621782 145.443952 0.000000
1692799668440353262 177.130844 0.000000
1692799668667456012 145.031837 0.000000
1692799668776420543 144.889112 0.000000
1692799668922205106 145.138048 0.000000
1692799668972795944 177.211503 0.000000
1692799669030946936 145.212708 0.000000
1692799669061771137 177.248855 0.000000
1692799669213604501 144.937600 0.000000
1692799669249544091 144.745310 0.000000
1692799669327823050 177.249326 0.000000
1692799669682691064 177.288126 0.000000
1692799669722291150 144.938682 0.000000
1692799669758133477 177.391943 0.000000
1692799669758272849 145.137296 0.000000
1692799669867620879 145.325331 0.000000
1692799669940357087 144.860577 0.000000
1692799669940810048 145.334116 0.000000
1692799670013148588 145.523932 0.000000
1692799670013407605 144.852050 0.000000
1692799670122638967 145.134103 0.000000
1692799670123635439 144.872842 0.000000
1692799670126202951 176.855286 0.000000
1692799670158457138 145.303630 0.000000
1692799670304371012 144.787739 0.000000
1692799670341704470 144.540786 0.000000
1692799670480757699 177.050234 0.000000
1692799670481165274 176.882579 0.000000
1692799670523501358 145.342262 0.000000
1692799670559865876 145.678794 0.000000
1692799670632307060 145.114795 0.000000
1692799670658193084 176.984658 0.000000
1692799670741803949 145.882967 0.000000
1692799670813595642 145.092912 0.000000
1692799670814125347 145.111187 0.000000
1692799670922921150 145.065652 0.000000
1692799671104274003 145.166440 0.000000
1692799671190714053 177.331360 0.000000
1692799671250610182 145.137757 0.000000
1692799671395137240 145.217476 0.000000
1692799671431684672 145.210183 0.000000
1692799671505560030 145.120747 0.000000
1692799671614358708 144.885002 0.000000
1692799671724316762 145.308676 0.000000
1692799671759788613 145.129110 0.000000
1692799671900659918 177.226585 0.000000
1692799671905004067 145.212588 0.000000
1692799672015553614 144.628571 0.000000
1692799672050910559 145.128811 0.000000
1692799672304875707 145.280806 0.000000
1692799672487429296 145.590908 0.000000
1692799672560550947 144.957197 0.000000
1692799672611155935 177.295973 0.000000
1692799672632837470 145.403045 0.000000
1692799672633482302 145.119743 0.000000
1692799672850978725 144.908595 0.000000
1692799672851249744 145.148125 0.000000
1692799673032439313 145.102663 0.000000
1692799673214175346 145.025586 0.000000
1692799673232526517 177.442578 0.000000
1692799673288262642 145.360064 0.000000
1692799673324991664 144.877238 0.000000
1692799673359367986 145.188662 0.000000
1692799673359399585 145.297296 0.000000
1692799673409796342 177.176089 0.000000
1692799673577546694 145.274464 0.000000
1692799673764654367 177.231302 0.000000
1692799673764698550 177.188542 0.000000
1692799673795779723 145.371497 0.000000
1692799673904883753 145.210703 0.000000
1692799674013989426 145.383466 0.000000
1692799674087597833 145.056554 0.000000
1692799674197457856 145.140444 0.000000
1692799674233018193 144.749780 0.000000
1692799674304773057 145.075260 0.000000
1692799674377580969 145.058277 0.000000
1692799674596887975 145.559228 0.000000
1692799674652407593 177.266937 0.000000
1692799675179491928 145.396272 0.000000
1692799675215301651 144.755026 0.000000
1692799675324889182 145.395922 0.000000
1692799675325161303 145.235410 0.000000
1692799675355515130 177.274022 0.000000
1692799675469988005 145.331259 0.000000
1692799675579225657 144.890562 0.000000
1692799675615309146 144.902474 0.000000
1692799675629082968 177.243403 0.000000
1692799675688117417 145.288327 0.000000
1692799675760455387 145.144318 0.000000
1692799675906216556 145.110256 0.000000
1692799675942475193 145.002292 0.000000
1692799675978844569 145.100958 0.000000
1692799675983665876 177.066381 0.000000
1692799676088522708 145.367788 0.000000
1692799676270550670 145.047939 0.000000
1692799676305949312 145.400690 0.000000
1692799676451829904 145.165789 0.000000
1692799676524368951 145.539201 0.000000
1692799676779745138 145.429424 0.000000
1692799676962342108 145.131504 0.000000
1692799676997194634 145.167672 0.000000
1692799677043785170 177.265846 0.000000
1692799677106337097 145.159277 0.000000
1692799677107341905 144.998505 0.000000
1692799677315301174 177.066471 0.000000
1692799677324659553 144.805783 0.000000
1692799677399068202 145.070460 0.000000
1692799677579375089 145.522812 0.000000
1692799677580491416 145.161083 0.000000
1692799677615934332 145.491002 0.000000
1692799677670187260 177.365473 0.000000
1692799677689814015 145.252129 0.000000
1692799677753608207 177.316099 0.000000
1692799677797895164 145.026736 0.000000
1692799677979803312 145.421319 0.000000
1692799678052568444 144.828967 0.000000
1692799678089757881 145.154650 0.000000
1692799678197437375 145.047556 0.000000
1692799678197610310 145.021467 0.000000
1692799678291400886 177.415917 0.000000
1692799678379789545 177.056743 0.000000
1692799678379873242 144.647936 0.000000
1692799678525720089 145.363791 0.000000
1692799678634093016 145.116807 0.000000
1692799678645868145 177.279181 0.000000
1692799679033729128 145.128075 0.000000
1692799679034810068 145.000285 0.000000
1692799679179296430 144.735069 0.000000
1692799679262473532 176.935425 0.000000
1692799679325345170 144.989520 0.000000
1692799679326047168 145.718069 0.000000
1692799679397615051 145.079156 0.000000
1692799679470878229 144.829578 0.000000
1692799679533795031 177.414876 0.000000
1692799679622329434 176.985379 0.000000
1692799679688670417 145.194672 0.000000
1692799679871196344 145.173614 0.000000
1692799679888656040 177.459309 0.000000
1692799680016506574 144.985350 0.000000
1692799680052031905 145.082742 0.000000
1692799680089966020 144.748144 0.000000
1692799680154622339 176.991640 0.000000
1692799680161823446 145.314638 0.000000
1692799680197685669 145.064598 0.000000
1692799680234283435 145.058607 0.000000
1692799680306862965 145.037205 0.000000
1692799680327592554 177.185503 0.000000
1692799680344355752 145.084174 0.000000
1692799680420669641 176.856015 0.000000
1692799680453302357 145.799150 0.000000
1692799680682475194 177.259563 0.000000
1692799680780241668 145.102830 0.000000
1692799680888868840 145.126985 0.000000
1692799681180388651 145.916238 0.000000
1692799681216634826 144.881274 0.000000
1692799681217190239 145.005719 0.000000
1692799681289079405 145.457257 0.000000
1692799681326055700 145.665135 0.000000
1692799681326397993 145.484356 0.000000
1692799681508249011 144.951415 0.000000
1692799681654141304 145.087522 0.000000
1692799681659423165 177.019061 0.000000
1692799681798757981 144.824918 0.000000
1692799681873647410 146.098830 0.000000
1692799682107624554 177.290312 0.000000
1692799682126077184 145.312653 0.000000
1692799682271604629 145.526172 0.000000
1692799682369395231 177.263951 0.000000
1692799682453109480 145.211688 0.000000
1692799682453550689 145.005460 0.000000
1692799682462517542 177.178714 0.000000
1692799682489580877 145.167362 0.000000
1692799682816541425 145.157251 0.000000
1692799682905799236 177.200150 0.000000
1692799682926100140 145.025605 0.000000
1692799683071222636 145.051983 0.000000
1692799683072781374 144.962536 0.000000
1692799683079024261 177.122035 0.000000
1692799683107634541 144.908815 0.000000
1692799683171388918 176.946615 0.000000
1692799683216610091 145.181758 0.000000
1692799683543400829 144.975278 0.000000
1692799683616788410 144.829486 0.000000
1692799683969819861 176.973695 0.000000
1692799684055353096 177.063517 0.000000
1692799684234141980 145.156188 0.000000
1692799684236953140 145.566038 0.000000
1692799684381690614 144.736161 0.000000
1692799684501893161 177.081637 0.000000
1692799684524780531 144.915205 0.000000
1692799684563805727 144.713849 0.000000
1692799684633401893 144.932046 0.000000
1692799684676160461 177.209157 0.000000
1692799684743631390 144.977254 0.000000
1692799684853239376 177.074416 0.000000
1692799684856683385 177.076680 0.000000
1692799685034015442 176.959168 0.000000
1692799685069346859 144.974017 0.000000
1692799685070046032 144.721854 0.000000
1692799685215470193 145.711731 0.000000
1692799685216878328 144.846937 0.000000
1692799685360940724 145.468116 0.000000
1692799685361013320 145.100586 0.000000
1692799685396415450 144.852429 0.000000
1692799685541437849 145.020396 0.000000
1692799685652172222 177.226952 0.000000
1692799685687224964 144.675968 0.000000
1692799685688374393 145.202727 0.000000
1692799685832394247 176.940543 0.000000
1692799685870448289 144.932804 0.000000
1692799686009941729 176.972642 0.000000
1692799686088029330 144.718388 0.000000
1692799686095966379 177.213818 0.000000
1692799686160573035 144.727356 0.000000
1692799686306230115 145.217805 0.000000
1692799686378172230 144.950423 0.000000
1692799686415355124 144.829356 0.000000
1692799686450997234 145.132155 0.000000
1692799686523308462 145.134058 0.000000
1692799686741396375 144.909266 0.000000
1692799686960691446 145.370223 0.000000
1692799686986391601 177.068484 0.000000
1692799686986433369 177.054367 0.000000
1692799686996285484 145.013680 0.000000
1692799687031822508 145.214067 0.000000
1692799687160659370 177.228750 0.000000
1692799687163328324 176.932144 0.000000
1692799687251914583 176.797762 0.000000
1692799687286392868 144.732726 0.000000
1692799687322052822 145.142265 0.000000
1692799687396151708 145.063176 0.000000
1692799687518299800 177.540180 0.000000
1692799687577168869 144.913704 0.000000
1692799687578386677 144.720211 0.000000
1692799688085965933 144.894546 0.000000
1692799688195145646 145.189851 0.000000
1692799688582226002 176.978433 0.000000
1692799688670812058 177.002426 0.000000
1692799688848215041 176.982092 0.000000
1692799688922203821 144.828334 0.000000
1692799689031210277 145.110753 0.000000
1692799689031374626 145.239045 0.000000
1692799689140214399 145.097710 0.000000
1692799689379985088 177.150916 0.000000
1692799689430160036 145.251647 0.000000
1692799689430235528 144.859541 0.000000
1692799689612595610 145.379878 0.000000
1692799689646053197 177.373777 0.000000
1692799689794896621 144.797665 0.000000
1692799689795125501 144.971671 0.000000
1692799689867579547 144.727562 0.000000
1692799689912024222 177.126752 0.000000
1692799689912236681 177.373275 0.000000
1692799690012464077 145.164225 0.000000
1692799690048602668 145.156899 0.000000
1692799690085143105 145.415554 0.000000
1692799690413690543 144.944090 0.000000
1692799690704352024 144.598379 0.000000
1692799690704394313 145.240565 0.000000
1692799690888207238 177.130101 0.000000
1692799691032149847 144.819256 0.000000
1692799691065610128 177.401217 0.000000
1692799691105115912 144.778285 0.000000
1692799691177165582 145.140319 0.000000
1692799691214264729 145.180405 0.000000
1692799691322424113 145.256768 0.000000
1692799691432380022 145.395107 0.000000
1692799691469647775 145.571058 0.000000
1692799691686318515 145.187699 0.000000
1692799691775587968 177.254683 0.000000
1692799691868515000 144.905419 0.000000
1692799691869270379 144.930606 0.000000
1692799691977016807 145.253561 0.000000
1692799692086957920 145.106776 0.000000
1692799692122237378 145.187639 0.000000
1692799692196159430 145.083240 0.000000
1692799692377964951 145.544168 0.000000
1692799692486043833 145.038628 0.000000
1692799692850360800 145.024572 0.000000
1692799692886011597 145.209089 0.000000
1692799692959257009 144.858893 0.000000
1692799693177302351 145.134407 0.000000
1692799693196750801 177.411746 0.000000
1692799693322527889 145.179221 0.000000
1692799693504692845 145.093572 0.000000
1692799693649882254 145.195921 0.000000
1692799693868880095 145.323154 0.000000
1692799693905093419 145.274322 0.000000
1692799693942251215 145.183873 0.000000
1692799693977298958 144.858981 0.000000
1692799693995852156 177.191803 0.000000
1692799694050009285 144.914575 0.000000
1692799694051103681 144.994033 0.000000
1692799694087058015 144.805748 0.000000
1692799694122958231 144.984355 0.000000
1692799694159115425 145.184950 0.000000
1692799694232845471 145.352619 0.000000
1692799694304414265 144.992555 0.000000
1692799694305449550 144.819500 0.000000
1692799694414627206 144.881753 0.000000
1692799694449712469 145.163030 0.000000
1692799694450680978 144.903712 0.000000
1692799694668726409 145.037707 0.000000
1692799694794396836 177.047512 0.000000
1692799694886488697 145.199859 0.000000
1692799694996559534 145.133836 0.000000
1692799695031833639 145.181154 0.000000
1692799695149407379 177.183647 0.000000
1692799695250131297 145.376853 0.000000
1692799695286903830 145.018629 0.000000
1692799695415581786 177.144405 0.000000
1692799695681897997 177.421564 0.000000
1692799696014217939 145.101003 0.000000
1692799696015020877 145.031382 0.000000
1692799696123636810 144.782386 0.000000
1692799696195628005 145.022996 0.000000
1692799696270330114 145.069464 0.000000
1692799696391895870 177.259980 0.000000
1692799696486954176 145.014714 0.000000
1692799696487176253 144.977163 0.000000
1692799696560284998 145.332618 0.000000
1692799696568963470 176.878064 0.000000
1692799696596423952 145.444230 0.000000
1692799696657719727 176.994281 0.000000
1692799696705484157 144.994124 0.000000
1692799696778479430 145.335428 0.000000
1692799696778911522 145.142485 0.000000
1692799697251336343 145.140458 0.000000
1692799697287851592 145.644174 0.000000
1692799697543287707 144.883647 0.000000
1692799697687848186 144.956402 0.000000
1692799697943028481 144.858911 0.000000
1692799698051432554 145.218847 0.000000
1692799698078847098 177.192966 0.000000
1692799698088338597 144.804026 0.000000
1692799698160635256 145.120961 0.000000
1692799698269862618 145.622945 0.000000
1692799698379021418 145.230586 0.000000
1692799698433988346 177.454265 0.000000
1692799698452294032 145.057563 0.000000
1692799698611514666 177.474212 0.000000
1692799698744101713 144.890859 0.000000
1692799699034454326 145.295340 0.000000
1692799699070297030 145.127523 0.000000
1692799699179760304 145.303934 0.000000
1692799699252247921 145.639875 0.000000
1692799699398779623 144.853870 0.000000
1692799699410361388 177.203306 0.000000
1692799699676490567 177.102563 0.000000
1692799699689454929 144.822623 0.000000
1692799699761152945 145.111092 0.000000
1692799699942490896 177.303664 0.000000
1692799700161432286 145.066937 0.000000
1692799700526577256 144.892432 0.000000
1692799700671135951 145.326657 0.000000
1692799700672000074 144.849551 0.000000
1692799700741357614 177.347896 0.000000
1692799700853325429 144.975966 0.000000
1692799700918530568 177.033152 0.000000
1692799700926007493 145.008880 0.000000
1692799701071474436 145.464598 0.000000
1692799701143973446 144.861774 0.000000
1692799701326191991 145.119411 0.000000
1692799701471637050 145.443266 0.000000
1692799701539290577 177.137058 0.000000
1692799701616514204 144.909825 0.000000
1692799701616813126 144.851196 0.000000
1692799701762874372 145.016614 0.000000
1692799701907405403 145.338097 0.000000
1692799701944687936 145.229727 0.000000
1692799701980623287 145.087050 0.000000
1692799702271284565 145.253068 0.000000
1692799702344244851 145.283796 0.000000
1692799702380889413 144.979163 0.000000
1692799702490303712 145.398310 0.000000
1692799702563609278 145.447465 0.000000
1692799702889864877 144.971972 0.000000
1692799703325765268 145.002117 0.000000
1692799703362663388 145.163031 0.000000
1692799703398530858 145.226857 0.000000
1692799703471382262 145.029680 0.000000
1692799703581811738 177.162568 0.000000
1692799703616613658 145.283404 0.000000
1692799703670579036 177.008176 0.000000
1692799703689359562 145.204138 0.000000
1692799703726742570 145.092596 0.000000
1692799703727617484 145.252246 0.000000
1692799703834651815 145.263088 0.000000
1692799703835187361 145.408621 0.000000
1692799703835672703 145.877432 0.000000
1692799703908496162 145.183378 0.000000
1692799703944576324 145.195039 0.000000
1692799704162583983 145.055377 0.000000
1692799704271318204 144.963995 0.000000
1692799704453782801 145.122723 0.000000
1692799704490028885 144.877895 0.000000
1692799704671990066 145.209498 0.000000
1692799704825709756 177.530858 0.000000
1692799704890236020 145.360289 0.000000
1692799704914160099 177.036972 0.000000
1692799705071842255 145.243881 0.000000
1692799705218391718 145.331144 0.000000
1692799705268875075 177.259147 0.000000
1692799705436150159 145.072740 0.000000
1692799705473571298 144.938606 0.000000
1692799705624116418 176.866830 0.000000
1692799705655446378 145.139054 0.000000
1692799705712609300 177.196769 0.000000
1692799705874923776 144.989543 0.000000
1692799705947605088 145.088728 0.000000
1692799706237580989 144.971459 0.000000
1692799706238750555 145.345491 0.000000
1692799706492942971 145.032945 0.000000
1692799706600731648 177.305525 0.000000
1692799706601774777 145.472840 0.000000
1692799706602234471 144.942774 0.000000
1692799706673449146 144.950821 0.000000
1692799706746949567 145.171603 0.000000
1692799706778011484 177.085681 0.000000
1692799706782888434 144.806257 0.000000
1692799706783946492 144.968463 0.000000
1692799706892634257 145.663971 0.000000
1692799706928279721 145.388251 0.000000
1692799706965715180 145.374627 0.000000
1692799707073861208 145.578943 0.000000
1692799707111353532 144.954539 0.000000
1692799707291851424 144.894756 0.000000
1692799707328686333 144.769902 0.000000
1692799707365235866 145.145294 0.000000
1692799707399122356 177.148096 0.000000
1692799707487882701 177.081714 0.000000
1692799707583283860 144.747588 0.000000
1692799707618915720 144.988824 0.000000
1692799707655499257 145.353937 0.000000
1692799707728453713 145.306379 0.000000
1692799707728539754 145.253529 0.000000
1692799707873500313 145.012828 0.000000
1692799707910769437 144.765423 0.000000
1692799708197571225 177.288170 0.000000
1692799708201642372 145.240422 0.000000
1692799708463521488 176.969945 0.000000
1692799708492359476 144.854860 0.000000
1692799708600910645 145.132412 0.000000
1692799708674293665 145.053774 0.000000
1692799708783456372 144.767104 0.000000
1692799708891424215 145.158250 0.000000
1692799709001314600 145.047836 0.000000
1692799709084021353 177.078037 0.000000
1692799709219165562 144.769458 0.000000
1692799709255981516 145.040457 0.000000
1692799709292290518 145.104679 0.000000
1692799709328792691 145.539154 0.000000
1692799709364417289 145.369849 0.000000
1692799709437280583 145.298244 0.000000
1692799709437283518 145.119087 0.000000
1692799709474055819 145.299015 0.000000
1692799709474068953 145.201773 0.000000
1692799709510289180 144.979976 0.000000
1692799709619233817 145.224736 0.000000
1692799709692222114 145.489601 0.000000
1692799709983117190 145.286149 0.000000
1692799710020113694 145.892288 0.000000
1692799710060431665 177.062306 0.000000
1692799710201855341 144.997188 0.000000
1692799710492414965 145.192734 0.000000
1692799710503684244 177.121699 0.000000
1692799710528429275 145.090163 0.000000
1692799710673804589 145.374201 0.000000
1692799710680884238 177.197920 0.000000
1692799710784209442 145.347966 0.000000
1692799710858816660 176.887830 0.000000
1692799710964773326 145.086756 0.000000
1692799710964801640 145.427627 0.000000
1692799710966000361 145.465257 0.000000
1692799711146398906 145.148644 0.000000
1692799711147523358 145.495816 0.000000
1692799711184248080 145.062091 0.000000
1692799711221162169 145.421976 0.000000
1692799711401342331 145.228960 0.000000
1692799711619937001 145.191501 0.000000
1692799711766231775 145.222530 0.000000
1692799711923869916 177.233337 0.000000
1692799712101142398 177.117070 0.000000
1692799712101148399 177.064230 0.000000
1692799712165299426 145.048271 0.000000
1692799712189865461 177.138358 0.000000
1692799712347734597 144.981868 0.000000
1692799712492753152 145.048451 0.000000
1692799712493195744 145.410061 0.000000
1692799712530162593 145.211330 0.000000
1692799712565524684 144.718362 0.000000
1692799712637671212 145.120319 0.000000
1692799712638318308 145.563282 0.000000
1692799712820323890 145.218141 0.000000
1692799713037808523 144.866048 0.000000
1692799713077776128 177.067907 0.000000
1692799713147979376 144.958866 0.000000
1692799713365517470 144.731728 0.000000
1692799713402553017 144.727971 0.000000
1692799713583423866 145.243580 0.000000
1692799713692474482 145.102572 0.000000
1692799713699131236 177.211606 0.000000
1692799713728814924 145.315747 0.000000
1692799713946745437 145.129036 0.000000
1692799713983507598 145.069654 0.000000
1692799714020547282 145.329371 0.000000
1692799714053860225 177.030155 0.000000
1692799714057804564 145.373863 0.000000
1692799714142642000 177.068177 0.000000
1692799714164672141 145.054865 0.000000
1692799714238041093 145.003617 0.000000
1692799714528451298 144.877802 0.000000
1692799714565839698 144.785279 0.000000
1692799714747250975 145.042083 0.000000
1692799714819625930 145.374625 0.000000
1692799714852904358 177.254156 0.000000
1692799714852992594 177.311523 0.000000
1692799714855483282 145.178816 0.000000
1692799715001333602 144.980806 0.000000
1692799715327577334 145.143922 0.000000
1692799715365743273 145.026482 0.000000
1692799715473604885 177.093113 0.000000
1692799715582799503 145.011394 0.000000
1692799715691198633 144.703472 0.000000
1692799715828206315 177.160821 0.000000
1692799715916967729 176.975112 0.000000
1692799716019050087 145.197774 0.000000
1692799716055122935 145.186984 0.000000
1692799716182774480 177.078458 0.000000
1692799716271625582 177.072644 0.000000
1692799716271627235 177.181860 0.000000
1692799716345341377 145.198184 0.000000
1692799716527926256 145.200337 0.000000
1692799716563832954 144.870400 0.000000
1692799716564206756 144.650578 0.000000
1692799716781791178 144.944409 0.000000
1692799716891464020 145.048131 0.000000
1692799716892012440 144.750972 0.000000
1692799717000505700 144.927295 0.000000
1692799717109344439 145.228733 0.000000
1692799717145093528 144.874376 0.000000
1692799717399616972 144.932835 0.000000
1692799717400638941 145.290366 0.000000
1692799717546573169 144.833270 0.000000
1692799717582343584 144.803109 0.000000
1692799717618083419 144.877212 0.000000
1692799717691671104 145.095761 0.000000
1692799717868620758 177.120826 0.000000
1692799717908428151 145.209118 0.000000
1692799717946574263 145.188157 0.000000
1692799718164181877 145.107475 0.000000
1692799718223136284 176.982517 0.000000
1692799718272336528 145.266331 0.000000
1692799718381319660 144.678600 0.000000
1692799718489832154 144.910525 0.000000
1692799718526273222 144.952510 0.000000
1692799718600039612 144.964676 0.000000
1692799718635130336 145.062930 0.000000
1692799718635765819 144.936933 0.000000
1692799718707832146 144.730286 0.000000
1692799718844446264 177.314048 0.000000
1692799718890666621 145.073650 0.000000
1692799718932985522 177.063369 0.000000
1692799718962131637 144.790366 0.000000
1692799719035279667 144.570786 0.000000
1692799719071181423 145.065234 0.000000
1692799719108388120 144.794096 0.000000
1692799719110283831 177.135453 0.000000
1692799719110424876 177.334187 0.000000
1692799719216409523 145.226067 0.000000
1692799719325483112 145.014730 0.000000
1692799719362369998 145.375747 0.000000
1692799719472698384 145.163840 0.000000
1692799719652482552 145.022653 0.000000
1692799719726169403 144.998741 0.000000
1692799719731357468 177.172894 0.000000
1692799719762732082 145.099640 0.000000
1692799719834380742 145.150035 0.000000
1692799719980893173 144.821175 0.000000
1692799720126332840 144.815555 0.000000
1692799720197479548 144.953704 0.000000
1692799720198604451 144.992336 0.000000
1692799720263472937 177.160618 0.000000
1692799720307714029 145.300356 0.000000
1692799720345246759 144.779689 0.000000
1692799720352351593 177.261771 0.000000
1692799720416390080 144.809324 0.000000
1692799720489749526 145.024697 0.000000
1692799720490082832 145.390374 0.000000
1692799720492136048 149.322800 0.000000
1692799720819879395 144.794544 0.000000
1692799721070537809 145.342303 0.000000
1692799721142658178 145.000874 0.000000
1692799721146644616 145.551889 0.000000
1692799721184205538 145.191712 0.000000
1692799721220551418 144.663318 0.000000
1692799721287869705 145.209222 0.000000
1692799721287901304 144.775367 0.000000
1692799721324966648 144.875869 0.000000
1692799721765736607 144.896907 0.000000
1692799721942707191 144.906286 0.000000
1692799722124135115 145.031462 0.000000
1692799722126922752 176.974189 0.000000
1692799722160140125 145.145423 0.000000
1692799722200312003 144.985444 0.000000
1692799722215939627 177.077374 0.000000
1692799722306295118 145.293386 0.000000
1692799722456270064 145.146266 0.000000
1692799722523795641 145.320974 0.000000
1692799722560615680 144.866178 0.000000
1692799722597249262 144.813570 0.000000
1692799722637677088 144.978510 0.000000
1692799722637904004 145.063609 0.000000
1692799722748533283 177.048278 0.000000
1692799722837522387 177.084748 0.000000
1692799722888751433 145.387399 0.000000
1692799722924393914 145.350630 0.000000
1692799722924787002 145.435159 0.000000
1692799722960271313 145.132259 0.000000
1692799723014976198 177.420138 0.000000
1692799723033729755 144.977350 0.000000
1692799723178439026 145.223097 0.000000
1692799723217808037 144.947341 0.000000
1692799723291195684 144.824069 0.000000
1692799723291917720 145.073678 0.000000
1692799723470058482 144.921894 0.000000
1692799723724538834 145.383410 0.000000
1692799723724846792 176.983018 0.000000
1692799723760369830 145.392329 0.000000
1692799723813823873 177.195594 0.000000
1692799723833902348 145.150364 0.000000
1692799723871032381 144.956219 0.000000
1692799723942594898 145.172040 0.000000
1692799724123885067 144.998238 0.000000
1692799724125822506 145.196991 0.000000
1692799724161899620 145.401132 0.000000
1692799724168642846 177.113400 0.000000
1692799724198049841 145.742291 0.000000
1692799724345881203 176.898108 0.000000
1692799724378620436 145.074249 0.000000
1692799724488595650 144.837074 0.000000
1692799724523255102 177.264233 0.000000
1692799724638313802 149.636980 0.000000
1692799724638338318 150.096613 0.000000
1692799724820915252 145.119175 0.000000
1692799724965722478 144.805012 0.000000
1692799725001706411 145.025287 0.000000
1692799725147249190 145.093285 0.000000
1692799725548043880 145.283641 0.000000
1692799725584451669 144.991175 0.000000
1692799725592840095 177.305331 0.000000
1692799725621497003 144.840712 0.000000
1692799725657483928 144.991105 0.000000
1692799725730325060 145.419699 0.000000
1692799725765779877 145.043132 0.000000
1692799725765828287 145.187032 0.000000
1692799725802019527 145.378793 0.000000
1692799725874574201 144.980915 0.000000
1692799725875344648 145.131358 0.000000
1692799726057471205 145.497365 0.000000
1692799726214273704 177.181998 0.000000
1692799726238718851 145.704334 0.000000
1692799726276119141 144.745112 0.000000
1692799726383928286 145.207632 0.000000
1692799726674550055 145.118284 0.000000
1692799726893298488 144.900440 0.000000
1692799726893524172 145.206075 0.000000
1692799727003078485 144.850781 0.000000
1692799727038751951 145.450808 0.000000
1692799727102218071 177.236962 0.000000
1692799727184409768 145.214173 0.000000
1692799727403193367 144.815512 0.000000
1692799727511563515 144.827768 0.000000
1692799727545540095 177.150802 0.000000
1692799727655814808 145.020648 0.000000
1692799727801366294 145.047730 0.000000
1692799727874542004 145.325923 0.000000
1692799727910923750 145.164831 0.000000
1692799727983625857 144.919626 0.000000
1692799727983922204 145.234888 0.000000
1692799727984232106 144.887215 0.000000
1692799727988841594 176.861114 0.000000
1692799728129149352 145.224984 0.000000
1692799728275229801 145.216156 0.000000
1692799728311463290 145.640851 0.000000
1692799728529286327 145.049901 0.000000
1692799728638216153 145.084365 0.000000
1692799728698977246 177.195635 0.000000
1692799728894044009 144.795567 0.000000
1692799728929376886 144.990905 0.000000
1692799728929410910 145.078188 0.000000
1692799729038867176 145.799571 0.000000
1692799729112577270 145.955956 0.000000
1692799729147665137 145.498486 0.000000
1692799729220864210 144.821725 0.000000
1692799729231206917 177.205723 0.000000
1692799729231241432 177.149097 0.000000
1692799729293792114 145.046217 0.000000
1692799729548294206 144.882110 0.000000
1692799729729317331 145.267171 0.000000
1692799729852144482 177.245137 0.000000
1692799729874699640 145.227819 0.000000
1692799729912293261 145.016440 0.000000
1692799730238360068 145.132678 0.000000
1692799730239028063 144.888550 0.000000
1692799730312263091 145.075621 0.000000
1692799730530851074 144.827032 0.000000
1692799730562349590 177.102397 0.000000
1692799730566518501 145.278894 0.000000
1692799730638864299 145.173655 0.000000
1692799730747866083 145.199644 0.000000
1692799730856634977 145.002032 0.000000
1692799730917155837 177.117548 0.000000
1692799730929448107 145.046766 0.000000
1692799731001754271 145.117060 0.000000
1692799731257248381 144.846964 0.000000
1692799731271977886 177.059459 0.000000
1692799731329083138 145.231626 0.000000
1692799731402138861 144.888557 0.000000
1692799731765500208 145.058298 0.000000
1692799731802973385 144.779966 0.000000
1692799731892895230 177.252150 0.000000
1692799731982045032 177.563755 0.000000
1692799731983253532 144.956335 0.000000
1692799732056121966 145.325892 0.000000
1692799732056616615 144.835702 0.000000
1692799732092787916 144.919668 0.000000
1692799732159301712 177.282168 0.000000
1692799732201790780 144.882998 0.000000
1692799732347014511 144.821104 0.000000
1692799732491862863 144.833205 0.000000
1692799732602040906 144.902956 0.000000
1692799732709975916 145.252163 0.000000
1692799732746684026 144.897087 0.000000
1692799732747367731 144.886698 0.000000
1692799732780272806 177.289750 0.000000
1692799732782496583 144.970942 0.000000
1692799732957595690 177.199172 0.000000
1692799733002636923 144.902718 0.000000
1692799733073104955 145.164538 0.000000
1692799733110014254 145.106399 0.000000
1692799733147634658 144.995701 0.000000
1692799733292663039 145.025356 0.000000
1692799733364286495 145.526770 0.000000
1692799733400696567 176.914478 0.000000
1692799733400920227 144.706899 0.000000
1692799733401821620 145.155802 0.000000
1692799733436993932 145.311875 0.000000
1692799733546738741 144.914807 0.000000
1692799733873113044 145.173848 0.000000
1692799733874162946 145.739410 0.000000
1692799733911058856 145.078044 0.000000
1692799734128646340 145.025426 0.000000
1692799734309716941 145.336881 0.000000
1692799734419354959 145.461538 0.000000
1692799734528631057 144.799753 0.000000
1692799734555195866 177.227313 0.000000
1692799734637257714 145.103903 0.000000
1692799734673457207 145.261177 0.000000
1692799734818755670 145.295086 0.000000
1692799734998649913 177.236622 0.000000
1692799734998696531 177.231652 0.000000
1692799735146231028 145.245457 0.000000
1692799735264754587 177.071461 0.000000
1692799735546770217 145.276579 0.000000
1692799735691866670 145.129455 0.000000
1692799735765650217 145.026979 0.000000
1692799735837045583 145.175216 0.000000
1692799735838626392 145.252521 0.000000
1692799735839290650 145.518561 0.000000
1692799735974466756 177.113728 0.000000
1692799736057042651 145.375492 0.000000
1692799736063155383 176.916478 0.000000
1692799736201585121 144.829479 0.000000
1692799736329216236 177.290151 0.000000
1692799736418401226 145.106300 0.000000
1692799736420629771 144.824019 0.000000
1692799736782841036 145.728707 0.000000
1692799736782870992 145.019244 0.000000
1692799736818347379 145.222751 0.000000
1692799736891515593 144.916092 0.000000
1692799737108929882 145.120758 0.000000
1692799737145309084 144.881337 0.000000
1692799737147221366 145.167685 0.000000
1692799737215957554 177.026526 0.000000
1692799737363419970 145.305123 0.000000
1692799737481908940 177.203427 0.000000
1692799737545472186 145.160080 0.000000
1692799737582241480 145.084107 0.000000
1692799737765240564 145.062156 0.000000
1692799737836394105 145.289902 0.000000
1692799738019906964 145.088083 0.000000
1692799738200747072 144.866255 0.000000
1692799738236996469 145.201094 0.000000
1692799738637040556 144.858141 0.000000
1692799738813737302 177.220531 0.000000
1692799738820015095 144.751901 0.000000
1692799738855013542 145.315700 0.000000
1692799738892256238 145.072994 0.000000
1692799738963935034 145.284673 0.000000
1692799739079929730 177.046722 0.000000
1692799739401464521 144.869035 0.000000
1692799739473772159 145.032229 0.000000
1692799739509688951 145.419335 0.000000
1692799739618716934 145.339747 0.000000
1692799739655895980 145.007215 0.000000
1692799739727748403 145.310604 0.000000
1692799739789605008 177.080296 0.000000
1692799739801213684 145.257752 0.000000
1692799739837314392 144.842803 0.000000
1692799740054896077 145.101513 0.000000
1692799740127901554 144.869203 0.000000
1692799740322025946 177.276786 0.000000
1692799740419380839 145.251589 0.000000
1692799740419591595 145.234787 0.000000
1692799740492126090 144.805945 0.000000
1692799740710539170 145.666169 0.000000
1692799740819867416 145.032177 0.000000
1692799740855019482 177.098918 0.000000
1692799740855831006 144.995049 0.000000
1692799741001256335 144.942852 0.000000
1692799741474308586 144.672947 0.000000
1692799741475780210 177.090776 0.000000
1692799741476853816 177.045110 0.000000
1692799741510678197 145.064286 0.000000
1692799741510815244 145.152371 0.000000
1692799741565518857 177.073182 0.000000
1692799741584243398 145.116517 0.000000
1692799741619984581 145.671647 0.000000
1692799741656341841 145.038280 0.000000
1692799741742505346 176.939991 0.000000
1692799741946717393 144.777137 0.000000
1692799742007525061 177.061120 0.000000
1692799742092357455 145.268013 0.000000
1692799742201739271 145.071333 0.000000
1692799742236808212 145.250649 0.000000
1692799742273380646 177.288126 0.000000
1692799742363816145 177.170816 0.000000
1692799742382848894 145.149468 0.000000
1692799742419409978 144.975782 0.000000
1692799742420852638 144.874723 0.000000
1692799742451062471 177.163280 0.000000
1692799742564690322 145.191417 0.000000
1692799742600790250 145.499196 0.000000
1692799742600854440 144.941077 0.000000
1692799742601005484 145.113140 0.000000
1692799742637774629 145.303898 0.000000
1692799742709952474 145.178645 0.000000
1692799742711171785 145.073618 0.000000
1692799742718540565 177.311741 0.000000
1692799742746321236 145.498776 0.000000
1692799742855728969 144.981441 0.000000
1692799742891707789 145.323464 0.000000
1692799743000719591 145.219893 0.000000
1692799743075109639 145.104366 0.000000
1692799743109742932 145.184784 0.000000
1692799743220007355 144.997463 0.000000
1692799743328782001 144.940547 0.000000
1692799743364920480 144.798680 0.000000
1692799743400973007 145.472995 0.000000
1692799743872520491 177.123064 0.000000
1692799744164911279 145.146906 0.000000
1692799744200974084 145.121464 0.000000
1692799744201631519 144.924584 0.000000
1692799744201670713 145.188099 0.000000
1692799744227608575 177.218455 0.000000
1692799744275781338 145.171098 0.000000
1692799744382837126 145.121428 0.000000
1692799744493804499 177.599621 0.000000
1692799744528795582 144.881022 0.000000
1692799744671243197 177.312011 0.000000
1692799744784286350 145.067295 0.000000
1692799744848818442 177.176425 0.000000
1692799745039120511 144.916991 0.000000
1692799745220031260 145.313806 0.000000
1692799745256507786 145.448842 0.000000
1692799745256512164 144.816435 0.000000
1692799745381439329 177.376402 0.000000
1692799745402004336 144.940966 0.000000
1692799745621518556 145.331088 0.000000
1692799745647543860 177.182735 0.000000
1692799745657824581 145.027511 0.000000
1692799745729807251 145.058047 0.000000
1692799745838951909 144.793742 0.000000
1692799745875328606 144.894918 0.000000
1692799745947586109 145.556681 0.000000
1692799746056806041 145.268882 0.000000
1692799746269368143 177.301752 0.000000
1692799746274780318 145.220361 0.000000
1692799746311127159 145.358743 0.000000
1692799746311159520 145.162044 0.000000
1692799746421288086 145.329685 0.000000
1692799746457663843 145.200174 0.000000
1692799746493135161 145.112702 0.000000
1692799746535592297 177.063062 0.000000
1692799746676541556 145.251592 0.000000
1692799746783909079 145.190547 0.000000
1692799746784000089 144.938704 0.000000
1692799746820210574 144.890151 0.000000
1692799746821254635 145.077172 0.000000
1692799746857708469 144.998107 0.000000
1692799746890558361 177.159716 0.000000
1692799746893780133 144.954522 0.000000
1692799746929060691 145.149218 0.000000
1692799746965883007 144.626989 0.000000
1692799746979618195 177.457004 0.000000
1692799747038754662 144.972395 0.000000
1692799747257044582 144.891934 0.000000
1692799747512027411 177.005552 0.000000
1692799747584046908 145.084866 0.000000
1692799747766126485 144.942141 0.000000
1692799747874862685 144.767239 0.000000
1692799747912066917 145.066380 0.000000
1692799748132784979 176.987823 0.000000
1692799748347929157 144.851297 0.000000
1692799748398711013 177.258990 0.000000
1692799748420890674 144.894890 0.000000
1692799748664976596 177.413208 0.000000
1692799748822331553 145.657124 0.000000
1692799748857085680 145.192068 0.000000
1692799748894527739 145.004656 0.000000
1692799749076920512 144.756279 0.000000
1692799749109782789 177.268630 0.000000
1692799749476067350 145.021988 0.000000
1692799749511509182 145.255981 0.000000
1692799749693463050 145.011028 0.000000
1692799749803013072 145.007073 0.000000
1692799749819054020 177.110441 0.000000
1692799749838932990 144.855586 0.000000
1692799749874821941 145.044652 0.000000
1692799749874936677 145.094805 0.000000
1692799749996368645 177.000765 0.000000
1692799750058105516 144.863511 0.000000
1692799750203094936 144.695829 0.000000
1692799750420047364 145.020608 0.000000
1692799750420375130 145.122209 0.000000
1692799750457042661 144.789922 0.000000
1692799750530405421 144.754317 0.000000
1692799750565807077 144.811983 0.000000
1692799750567485990 145.130692 0.000000
1692799750783862587 144.960824 0.000000
1692799750820798584 144.940215 0.000000
1692799750856366263 145.047266 0.000000
1692799751001321523 144.784710 0.000000
1692799751110368489 145.272598 0.000000
1692799751111097668 144.910719 0.000000
1692799751149844330 177.050650 0.000000
1692799751415738293 177.126971 0.000000
1692799751415766997 177.141880 0.000000
1692799751438535423 144.957707 0.000000
1692799751592775406 177.035040 0.000000
1692799751728497637 145.069538 0.000000
1692799751873788129 145.121385 0.000000
1692799752020199298 145.994817 0.000000
1692799752091562611 145.022522 0.000000
1692799752128570353 144.693051 0.000000
1692799752213502723 177.039006 0.000000
1692799752347019963 144.950706 0.000000
1692799752390859176 177.268257 0.000000
1692799752491161324 144.880209 0.000000
1692799752600441378 145.142183 0.000000
1692799752709608551 145.129033 0.000000
1692799752709680296 145.197051 0.000000
1692799752854732459 145.122345 0.000000
1692799752854772254 145.090716 0.000000
1692799753037169135 144.731303 0.000000
1692799753100732747 177.262816 0.000000
1692799753218406938 144.857288 0.000000
1692799753364830621 145.576311 0.000000
1692799753436920458 145.037279 0.000000
1692799753437554149 145.250228 0.000000
1692799753837194502 145.099074 0.000000
1692799753837204160 144.587062 0.000000
1692799753988375799 177.115320 0.000000
1692799754090545127 145.017880 0.000000
1692799754381183739 145.297815 0.000000
1692799754491137870 145.616325 0.000000
1692799754563118570 144.757168 0.000000
1692799754708102057 144.981724 0.000000
1692799754890602952 144.776698 0.000000
1692799754999504576 144.732174 0.000000
1692799754999808777 144.861006 0.000000
1692799755218737855 145.376975 0.000000
1692799755255482343 145.105204 0.000000
1692799755327395339 145.424867 0.000000
1692799755399811840 144.895169 0.000000
1692799755544631516 144.881853 0.000000
1692799755545023042 144.834735 0.000000
1692799755617754445 144.902923 0.000000
1692799755762838750 145.082120 0.000000
1692799755763441993 177.271800 0.000000
1692799755871453994 145.357236 0.000000
1692799755981057206 145.437929 0.000000
1692799756017341837 144.692317 0.000000
1692799756089743952 145.299499 0.000000
1692799756237696525 145.961163 0.000000
1692799756417525511 145.293899 0.000000
1692799756490852944 145.061502 0.000000
1692799756562652118 177.249105 0.000000
1692799756781759228 145.067983 0.000000
1692799756964650548 145.621816 0.000000
1692799756964844061 144.954171 0.000000
1692799757006264111 177.122793 0.000000
1692799757006297464 177.212442 0.000000
1692799757146273143 144.834165 0.000000
1692799757363863817 145.247340 0.000000
1692799757449820092 177.124778 0.000000
1692799757473259457 145.001198 0.000000
1692799757582774785 145.205873 0.000000
1692799757655092997 145.067513 0.000000
1692799757655116492 145.028299 0.000000
1692799757715679259 177.080482 0.000000
1692799757804805155 176.873924 0.000000
1692799757873798217 144.962655 0.000000
1692799757981832950 177.387601 0.000000
1692799758018789165 145.155307 0.000000
1692799758127943483 144.995699 0.000000
1692799758455942418 144.874551 0.000000
1692799758674058953 145.218767 0.000000
1692799758692385284 177.347034 0.000000
1692799758746075893 145.221792 0.000000
1692799758780892631 177.091285 0.000000
1692799758784083304 144.968218 0.000000
1692799758927731539 145.225237 0.000000
1692799758964445388 145.047414 0.000000
1692799759182056892 145.032027 0.000000
1692799759183133474 145.203949 0.000000
1692799759400076853 145.263710 0.000000
1692799759400912733 144.805950 0.000000
1692799759510879145 144.743875 0.000000
1692799759546876188 144.916038 0.000000
1692799759547130766 144.929503 0.000000
1692799759583307868 144.663205 0.000000
1692799759756740769 177.222408 0.000000
1692799759757238073 177.093767 0.000000
1692799759764268018 144.809009 0.000000
1692799759982522039 145.209290 0.000000
1692799759982649709 144.854043 0.000000
1692799760023033062 177.059083 0.000000
1692799760023069942 176.767667 0.000000
1692799760164606821 144.524651 0.000000
1692799760273637905 145.031885 0.000000
1692799760288957632 177.358575 0.000000
1692799760310033970 144.963459 0.000000
1692799760310286875 144.582453 0.000000
1692799760345968496 145.354001 0.000000
1692799760418462165 145.035867 0.000000
1692799760637393627 145.270715 0.000000
1692799760673310367 145.120002 0.000000
1692799760673537514 144.884870 0.000000
1692799760928089284 144.784512 0.000000
1692799761000696633 144.967567 0.000000
1692799761110590968 145.321017 0.000000
1692799761292004301 144.814177 0.000000
1692799761292027735 145.173692 0.000000
1692799761473795624 144.912359 0.000000
1692799761509724130 144.976673 0.000000
1692799761509769976 144.802095 0.000000
1692799761545236242 145.029582 0.000000
1692799761545955283 145.068045 0.000000
1692799761620457060 145.148764 0.000000
1692799761621586692 177.187293 0.000000
1692799761887860830 177.280539 0.000000
1692799762153780482 177.157840 0.000000
1692799762274585450 145.039951 0.000000
1692799762310094650 145.224719 0.000000
1692799762382207288 145.167007 0.000000
1692799762637083969 144.785967 0.000000
1692799762818486076 145.301882 0.000000
1692799762892032670 144.871154 0.000000
1692799763000442119 145.190495 0.000000
1692799763041221637 176.990015 0.000000
1692799763041860627 177.080345 0.000000
1692799763110138644 145.420736 0.000000
1692799763130105658 177.090092 0.000000
1692799763146921172 145.165295 0.000000
1692799763218911333 177.045987 0.000000
1692799763218970765 177.106982 0.000000
1692799763364733752 145.231810 0.000000
1692799763437470956 145.118900 0.000000
1692799763439065150 145.242070 0.000000
1692799763510313840 145.578144 0.000000
1692799763546544410 144.903842 0.000000
1692799763573875728 177.260370 0.000000
1692799763801603491 144.865996 0.000000
1692799763838210681 144.988041 0.000000
1692799763874479576 145.686435 0.000000
1692799763911290569 146.254373 0.000000
1692799764021104021 144.606997 0.000000
1692799764056484929 145.192947 0.000000
1692799764461677406 177.183506 0.000000
1692799764675147320 145.287727 0.000000
1692799764711710985 145.233582 0.000000
1692799764728174330 177.140826 0.000000
1692799764816884204 177.096612 0.000000
1692799764820665747 144.905576 0.000000
1692799764905718293 177.202932 0.000000
1692799764929940548 145.167657 0.000000
1692799765002614524 145.096178 0.000000
1692799765260464418 176.982390 0.000000
1692799765329588696 145.281536 0.000000
1692799765331422239 145.087091 0.000000
1692799765438031153 177.146556 0.000000
1692799765438678559 145.169784 0.000000
1692799765474786541 145.196342 0.000000
1692799765657476559 145.086639 0.000000
1692799765729521904 144.997131 0.000000
1692799765969925006 177.220084 0.000000
1692799765984081325 145.375801 0.000000
1692799765985282130 144.926306 0.000000
1692799766129079045 144.995426 0.000000
1692799766235956445 177.142959 0.000000
1692799766238079884 145.070067 0.000000
1692799766238801800 144.768590 0.000000
1692799766419510767 145.085966 0.000000
1692799766564651216 145.138385 0.000000
1692799766600798432 144.838403 0.000000
1692799766856192541 176.865689 0.000000
1692799766928306383 144.962614 0.000000
1692799767038049174 145.199818 0.000000
1692799767146822954 145.292394 0.000000
1692799767400167104 144.896872 0.000000
1692799767476798672 176.793713 0.000000
1692799767511148520 144.916958 0.000000
1692799767654052080 177.011784 0.000000
1692799767763201495 145.068222 0.000000
1692799767763762549 144.971220 0.000000
1692799767801365138 144.682257 0.000000
1692799767836893892 144.907520 0.000000
1692799767872758149 144.804149 0.000000
1692799767919938306 177.194456 0.000000
1692799767919979202 177.004669 0.000000
1692799768008859308 177.018097 0.000000
1692799768054935682 144.790270 0.000000
1692799768091714283 144.754412 0.000000
1692799768163128361 145.095984 0.000000
1692799768185930972 177.179487 0.000000
1692799768198948042 144.954820 0.000000
1692799768236006820 144.843542 0.000000
