1692799619206157169 144.950653 0.000000
1692799619206209066 144.714018 0.000000
1692799619350981616 145.403164 0.000000
1692799619460707642 144.756418 0.000000
1692799619570106284 145.104213 0.000000
1692799619570409844 144.988064 0.000000
1692799619641802272 144.872477 0.000000
1692799619787915199 145.114662 0.000000
1692799619788279483 144.733436 0.000000
1692799620150816255 145.189753 0.000000
1692799620151955495 145.617908 0.000000
1692799620347805591 145.117438 0.000000
1692799620405655941 144.996501 0.000000
1692799620478743473 144.752642 0.000000
1692799620624124456 144.918784 0.000000
1692799620842209482 144.800243 0.000000
1692799620987304165 145.326258 0.000000
1692799620988411334 145.554556 0.000000
1692799621133875794 145.894437 0.000000
1692799621205412342 145.171759 0.000000
1692799621292416145 145.109583 0.000000
1692799621388198268 145.369149 0.000000
1692799621388248402 145.077011 0.000000
1692799621388625040 144.863490 0.000000
1692799621497349365 144.797837 0.000000
1692799621679219580 144.879761 0.000000
1692799621788531949 145.177390 0.000000
1692799621861162852 144.977935 0.000000
1692799621970243996 145.067763 0.000000
1692799621971155328 144.950593 0.000000
1692799622080648496 145.646971 0.000000
1692799622297847225 144.905436 0.000000
1692799622310003870 145.104199 0.000000
1692799622334140400 144.811772 0.000000
1692799622370883270 145.007671 0.000000
1692799622479989522 145.486791 0.000000
1692799622588828521 145.270564 0.000000
1692799622589957291 145.310409 0.000000
1692799622626480359 144.951816 0.000000
1692799622735320542 145.361507 0.000000
1692799622808362426 145.339612 0.000000
1692799622953776574 145.412154 0.000000
1692799623098477987 145.266394 0.000000
1692799623207316365 144.750357 0.000000
1692799623208632908 145.540472 0.000000
1692799623317114338 144.923655 0.000000
1692799623317316978 145.093703 0.000000
1692799623426089872 145.266878 0.000000
1692799623499203834 145.076089 0.000000
1692799623752795096 145.155931 0.000000
1692799623862300517 145.213078 0.000000
1692799623935202619 145.220059 0.000000
1692799624153597315 145.204130 0.000000
1692799624153671284 144.878659 0.000000
1692799624190211013 145.149818 0.000000
1692799624263009300 145.105004 0.000000
1692799624347616372 145.184964 0.000000
1692799624371610244 145.081270 0.000000
1692799624517265520 145.017338 0.000000
1692799624637977231 144.865052 0.000000
1692799624662310581 145.265185 0.000000
1692799624917309776 144.818487 0.000000
1692799625063257963 145.370491 0.000000
1692799625292912629 145.119240 0.000000
1692799625318837228 145.709760 0.000000
1692799625390916507 144.855216 0.000000
1692799625535682632 144.813925 0.000000
1692799625583612076 145.063977 0.000000
1692799625826278665 144.809089 0.000000
1692799626117385756 145.200242 0.000000
1692799626154189611 144.714899 0.000000
1692799626190809090 145.093131 0.000000
1692799626227354948 144.863609 0.000000
1692799626299846710 144.909184 0.000000
1692799626300700204 145.592228 0.000000
1692799626372431708 145.074696 0.000000
1692799626372443761 145.306922 0.000000
1692799626482941716 145.671016 0.000000
1692799626627687145 144.757562 0.000000
1692799626663585277 144.725379 0.000000
1692799626773511369 145.336188 0.000000
1692799626881062148 145.271697 0.000000
1692799626918947514 145.063284 0.000000
1692799627099317752 144.935956 0.000000
1692799627136679094 144.602439 0.000000
1692799627245905081 145.015396 0.000000
1692799627328073540 145.334275 0.000000
1692799627391372013 144.970750 0.000000
1692799627500967161 145.745736 0.000000
1692799627572665233 144.901151 0.000000
1692799627573392580 145.078354 0.000000
1692799627682070074 145.010416 0.000000
1692799627719354021 144.923992 0.000000
1692799627754645003 145.325758 0.000000
1692799627754762804 145.009394 0.000000
1692799627828159246 145.357527 0.000000
1692799627836768618 144.903705 0.000000
1692799627864287192 144.894438 0.000000
1692799627900876552 144.781164 0.000000
1692799628045672545 144.860103 0.000000
1692799628045846262 144.982704 0.000000
1692799628118960522 145.191634 0.000000
1692799628227114664 144.941205 0.000000
1692799628228094545 144.851146 0.000000
1692799628228263683 144.797415 0.000000
1692799628263902168 144.857749 0.000000
1692799628445431602 145.394326 0.000000
1692799628481677438 145.093321 0.000000
1692799628482528997 145.164234 0.000000
1692799628490854636 145.102468 0.000000
1692799628518435766 144.915076 0.000000
1692799628590851406 144.873388 0.000000
1692799628845668148 144.958938 0.000000
1692799628846089249 144.758481 0.000000
1692799628854010459 144.978094 0.000000
1692799628954448706 145.119620 0.000000
1692799629173920935 145.032067 0.000000
1692799629246900673 145.229637 0.000000
1692799629391897563 144.995778 0.000000
1692799629536885876 144.977192 0.000000
1692799629537769696 145.197928 0.000000
1692799629538062186 145.351305 0.000000
1692799629581339601 145.026186 0.000000
1692799629646453603 145.434682 0.000000
1692799629726402584 145.061020 0.000000
1692799629755585924 144.859192 0.000000
1692799629864285790 145.257378 0.000000
1692799630009983107 144.880022 0.000000
1692799630083235296 145.381041 0.000000
1692799630154959547 145.275031 0.000000
1692799630155845000 145.318121 0.000000
1692799630162294575 144.997980 0.000000
1692799630191333784 144.866194 0.000000
1692799630228345338 145.107707 0.000000
1692799630300207898 145.246137 0.000000
1692799630446408989 145.236509 0.000000
1692799630452744811 144.733995 0.000000
1692799630524637027 144.818855 0.000000
1692799630591201224 145.135269 0.000000
1692799630700705242 145.421467 0.000000
1692799631210056201 145.145616 0.000000
1692799631250043025 144.794869 0.000000
1692799631250370410 144.773159 0.000000
1692799631282944499 144.858279 0.000000
1692799631282950300 145.062623 0.000000
1692799631319027979 145.143884 0.000000
1692799631427931389 145.049968 0.000000
1692799631536965534 145.219577 0.000000
1692799631537260869 144.921828 0.000000
1692799631574504108 144.743794 0.000000
1692799631757651892 144.713467 0.000000
1692799631792310956 145.030472 0.000000
1692799631900022486 144.861785 0.000000
1692799632046426628 144.722543 0.000000
1692799632047392693 144.682408 0.000000
1692799632227577511 145.164553 0.000000
1692799632372817587 145.238513 0.000000
1692799632409447414 144.998351 0.000000
1692799632445820548 145.061120 0.000000
1692799632664414577 145.137866 0.000000
1692799632736439190 145.223414 0.000000
1692799632809303642 144.887583 0.000000
1692799632845810318 145.089041 0.000000
1692799632847128955 144.735758 0.000000
1692799632954527958 145.257839 0.000000
1692799633027370579 145.204239 0.000000
1692799633136238372 145.181786 0.000000
1692799633136919130 144.677890 0.000000
1692799633137829931 144.960210 0.000000
1692799633209686931 145.142031 0.000000
1692799633210209763 145.033177 0.000000
1692799633427163720 145.282134 0.000000
1692799633427197984 145.061962 0.000000
1692799633463520383 144.974356 0.000000
1692799633501143988 145.216253 0.000000
1692799633501244898 145.314086 0.000000
1692799633537197823 145.471369 0.000000
1692799633646172105 145.026083 0.000000
1692799633937941157 145.130590 0.000000
1692799634082208907 144.864561 0.000000
1692799634264564882 145.127324 0.000000
1692799634372908429 145.223233 0.000000
1692799634374209803 144.864911 0.000000
1692799634446385382 145.270532 0.000000
1692799634482123845 145.049658 0.000000
1692799634627961072 145.152461 0.000000
1692799634883175157 144.941042 0.000000
1692799634956267868 145.270392 0.000000
1692799634956326438 145.369518 0.000000
1692799635064530657 144.883780 0.000000
1692799635246695851 145.253659 0.000000
1692799635246905966 145.136439 0.000000
1692799635429796286 144.821389 0.000000
1692799635464909945 144.997552 0.000000
1692799635683452755 145.190761 0.000000
1692799635828900801 145.085996 0.000000
1692799636011762708 145.077360 0.000000
1692799636119362369 145.241949 0.000000
1692799636192298964 144.951653 0.000000
1692799636484568186 145.503059 0.000000
1692799636520620688 145.098719 0.000000
1692799636520679980 144.780482 0.000000
1692799636557714787 145.129447 0.000000
1692799636666452144 145.069224 0.000000
1692799636921224972 144.992251 0.000000
1692799636995381781 145.434841 0.000000
1692799637066079823 145.120009 0.000000
1692799637102714619 145.266134 0.000000
1692799637140472816 145.087869 0.000000
1692799637176094288 144.928870 0.000000
1692799637320623428 145.132874 0.000000
1692799637429335427 144.972632 0.000000
1692799637466129924 144.844733 0.000000
1692799637466708230 145.397681 0.000000
1692799637575432272 145.500394 0.000000
1692799637575465164 144.901489 0.000000
1692799637613023054 145.171176 0.000000
1692799637684784914 145.443807 0.000000
1692799637757403475 145.151610 0.000000
1692799637758640910 144.837841 0.000000
1692799637794266870 145.113939 0.000000
1692799638301832603 145.070196 0.000000
1692799638375912147 145.102816 0.000000
1692799638556663919 144.924663 0.000000
1692799638847480940 145.373034 0.000000
1692799638957791853 145.135728 0.000000
1692799638993482255 145.462333 0.000000
1692799639028703488 144.914705 0.000000
1692799639210382198 144.833509 0.000000
1692799639247772303 144.958033 0.000000
1692799639284272136 144.838790 0.000000
1692799639428555343 145.284398 0.000000
1692799639501373959 145.043907 0.000000
1692799639501927298 144.877444 0.000000
1692799639538647685 145.050128 0.000000
1692799639539987742 145.562480 0.000000
1692799639683706890 145.315206 0.000000
1692799639684747024 144.757508 0.000000
1692799639685328776 145.091204 0.000000
1692799639719466562 145.310919 0.000000
1692799639829594902 145.010304 0.000000
1692799639830136890 144.805739 0.000000
1692799639901501283 144.985806 0.000000
1692799639975035575 144.790201 0.000000
1692799640447983285 144.680591 0.000000
1692799640665163074 145.190661 0.000000
1692799640665937358 145.416886 0.000000
1692799640775183951 144.741227 0.000000
1692799640848326195 144.711101 0.000000
1692799640883658464 145.027556 0.000000
1692799640884352217 145.287495 0.000000
1692799640885203507 145.113708 0.000000
1692799640919857592 144.886120 0.000000
1692799640920232696 145.046130 0.000000
1692799641066694256 144.977833 0.000000
1692799641102060088 145.108638 0.000000
1692799641247155901 144.842818 0.000000
1692799641611999748 144.907421 0.000000
1692799641684339753 145.863012 0.000000
1692799641829961514 145.650415 0.000000
1692799641830251018 145.277064 0.000000
1692799641902629917 145.166396 0.000000
1692799641975063839 145.148261 0.000000
1692799641975094547 144.841225 0.000000
1692799641975532630 145.568972 0.000000
1692799642229729203 145.033728 0.000000
1692799642266048086 145.251246 0.000000
1692799642338633812 145.083057 0.000000
1692799642448856008 145.002017 0.000000
1692799642449536957 145.273437 0.000000
1692799642521674251 145.092176 0.000000
1692799642666726913 145.050808 0.000000
1692799642739030742 145.553363 0.000000
1692799642811742635 145.040029 0.000000
1692799642848293656 145.159074 0.000000
1692799642957339971 144.936454 0.000000
1692799642957828479 145.406197 0.000000
1692799643103126511 144.941312 0.000000
1692799643320655775 145.168109 0.000000
1692799643321819511 144.820045 0.000000
1692799643356508844 145.121973 0.000000
1692799643358030562 145.087498 0.000000
1692799643429586434 145.018327 0.000000
1692799643466566789 144.745073 0.000000
1692799643503238875 145.206780 0.000000
1692799643503626513 144.980175 0.000000
1692799643539842314 145.692505 0.000000
1692799643575438869 145.901817 0.000000
1692799643613115982 145.132332 0.000000
1692799643685856059 145.268525 0.000000
1692799643721574355 144.925854 0.000000
1692799643758629520 145.764098 0.000000
1692799643758790893 145.563140 0.000000
1692799643794908808 144.888163 0.000000
1692799643830976519 145.327158 0.000000
1692799643831207713 145.373996 0.000000
1692799644012245792 145.425222 0.000000
1692799644013031508 145.511044 0.000000
1692799644121284082 144.931663 0.000000
1692799644195333459 144.993109 0.000000
1692799644231926116 144.803824 0.000000
1692799644375865767 144.979174 0.000000
1692799644414088816 145.249971 0.000000
1692799644484978387 145.374576 0.000000
1692799644559234613 145.162648 0.000000
1692799644704338201 145.050088 0.000000
1692799644777166073 144.751477 0.000000
1692799644885447752 145.397107 0.000000
1692799644885507094 144.653742 0.000000
1692799645066487363 145.231507 0.000000
1692799645067380681 145.193055 0.000000
1692799645175707426 144.961793 0.000000
1692799645248439849 144.831507 0.000000
1692799645285203055 144.921293 0.000000
1692799645429924425 145.253810 0.000000
1692799645467857209 144.916015 0.000000
1692799645684363430 145.125769 0.000000
1692799645758637138 144.833760 0.000000
1692799645794409976 144.889235 0.000000
1692799645939834335 145.014761 0.000000
1692799646121977529 144.788616 0.000000
1692799646377520018 144.945831 0.000000
1692799646704402474 145.177345 0.000000
1692799646740945718 144.923959 0.000000
1692799646741176010 144.929379 0.000000
1692799646849082455 144.980726 0.000000
1692799646886570393 144.885698 0.000000
1692799646995865617 145.352806 0.000000
1692799647030602207 144.626921 0.000000
1692799647176112047 145.508678 0.000000
1692799647176980238 145.492758 0.000000
1692799647249199827 144.878052 0.000000
1692799647285097418 144.986125 0.000000
1692799647394790610 144.969916 0.000000
1692799647540668120 145.412136 0.000000
1692799647576787999 145.006685 0.000000
1692799647685924283 145.027494 0.000000
1692799647866805758 144.932497 0.000000
1692799648122743136 145.068029 0.000000
1692799648195558906 144.980946 0.000000
1692799648376426112 144.909542 0.000000
1692799648447779424 145.028836 0.000000
1692799648486313508 144.868636 0.000000
1692799648631742788 145.087839 0.000000
1692799648739355000 144.720319 0.000000
1692799648776013951 144.685010 0.000000
1692799648884112605 145.229893 0.000000
1692799648922119348 144.841383 0.000000
1692799648994132159 144.961108 0.000000
1692799649029122996 145.009058 0.000000
1692799649029942135 145.098867 0.000000
1692799649211922373 145.040279 0.000000
1692799649212169387 145.137752 0.000000
1692799649357205836 144.871530 0.000000
1692799649392671736 145.246415 0.000000
1692799649429928420 144.990573 0.000000
1692799649538163451 145.489771 0.000000
1692799649611994848 145.068260 0.000000
1692799649685408100 144.816818 0.000000
1692799649758440266 145.087056 0.000000
1692799649793713785 144.897490 0.000000
1692799649902532853 145.035127 0.000000
1692799650011721756 144.878393 0.000000
1692799650012353573 145.103215 0.000000
1692799650229338623 144.839441 0.000000
1692799650265563499 144.923137 0.000000
1692799650302518256 145.024228 0.000000
1692799650374422293 145.081786 0.000000
1692799650410694357 145.208163 0.000000
1692799650410802570 145.236756 0.000000
1692799650592916067 144.794917 0.000000
1692799650666622960 144.948546 0.000000
1692799650738918932 145.216197 0.000000
1692799650847335955 145.312778 0.000000
1692799650883403926 145.096793 0.000000
1692799650885172939 144.984592 0.000000
1692799650956999079 144.801449 0.000000
1692799650993172488 144.996254 0.000000
1692799651030885349 145.097184 0.000000
1692799651065460927 145.331033 0.000000
1692799651138580236 145.748197 0.000000
1692799651174104095 145.074832 0.000000
1692799651283917641 145.336633 0.000000
1692799651319757514 145.308972 0.000000
1692799651321612479 145.132832 0.000000
1692799651429644528 144.739633 0.000000
1692799651537598552 145.233590 0.000000
1692799651538836447 145.153870 0.000000
1692799651720027371 145.039936 0.000000
1692799651939020513 145.640455 0.000000
1692799652012594567 145.088237 0.000000
1692799652083601489 145.257717 0.000000
1692799652120235643 144.750343 0.000000
1692799652193289289 144.858036 0.000000
1692799652229072865 145.469042 0.000000
1692799652339510654 145.370387 0.000000
1692799652667401352 145.026210 0.000000
1692799652739491057 144.875207 0.000000
1692799652812230523 144.827738 0.000000
1692799652847455110 145.243529 0.000000
1692799652848069374 144.875428 0.000000
1692799652884530202 145.037843 0.000000
1692799653139047443 144.949817 0.000000
1692799653174542979 145.184838 0.000000
1692799653247984323 145.274577 0.000000
1692799653429466383 144.824121 0.000000
1692799653501900265 145.104288 0.000000
1692799653503268224 144.640687 0.000000
1692799653610665882 145.160804 0.000000
1692799653649386807 145.864736 0.000000
1692799653683459439 145.196921 0.000000
1692799653684086968 145.148560 0.000000
1692799653866156612 144.738089 0.000000
1692799654047336443 144.874013 0.000000
1692799654193121910 145.227519 0.000000
1692799654229907759 145.149963 0.000000
1692799654338351763 145.258848 0.000000
1692799654447924476 145.093937 0.000000
1692799654520912789 145.290226 0.000000
1692799654630899170 145.131077 0.000000
1692799654701712077 145.322087 0.000000
1692799654702516007 144.871540 0.000000
1692799654811242160 145.288503 0.000000
1692799654811512989 144.895685 0.000000
1692799654811987410 145.018856 0.000000
1692799655067853524 145.313058 0.000000
1692799655102363238 145.565934 0.000000
1692799655140038127 145.802708 0.000000
1692799655176023282 145.843014 0.000000
1692799655211268548 145.235423 0.000000
1692799655320615768 145.218942 0.000000
1692799655393631903 145.050556 0.000000
1692799655538899284 145.217637 0.000000
1692799655648836433 144.957810 0.000000
1692799655685249201 144.803452 0.000000
1692799655793290338 145.145354 0.000000
1692799655831172797 144.887550 0.000000
1692799655902465936 144.820755 0.000000
1692799655940055224 145.035839 0.000000
1692799655975271736 145.076906 0.000000
1692799655976873184 145.398409 0.000000
1692799656121848599 144.740233 0.000000
1692799656265893416 144.856692 0.000000
1692799656411222716 145.374174 0.000000
1692799656665852077 145.044304 0.000000
1692799656702935706 144.969244 0.000000
1692799656811624169 145.174930 0.000000
1692799656920662396 145.042739 0.000000
1692799656920705116 144.888820 0.000000
1692799656956701843 145.126767 0.000000
1692799657029157205 145.287191 0.000000
1692799657211721608 144.855760 0.000000
1692799657247657821 144.954104 0.000000
1692799657503560785 145.348846 0.000000
1692799657720651192 145.335371 0.000000
1692799657794051969 145.119165 0.000000
1692799657829998392 145.505220 0.000000
1692799657902884311 144.903099 0.000000
1692799657938545258 145.043702 0.000000
1692799658047839888 145.223229 0.000000
1692799658084868533 144.942352 0.000000
1692799658120662610 145.088146 0.000000
1692799658230937122 145.031470 0.000000
1692799658303303727 145.280228 0.000000
1692799658340394418 145.048031 0.000000
1692799658447964971 145.093296 0.000000
1692799658448833533 144.860128 0.000000
1692799658558756113 144.970515 0.000000
1692799658593749495 145.052729 0.000000
1692799658921984046 145.058660 0.000000
1692799658994137620 145.053662 0.000000
1692799659067665457 145.002255 0.000000
1692799659067901740 145.136566 0.000000
1692799659176745274 145.231585 0.000000
1692799659575539725 144.930279 0.000000
1692799659613169299 144.947982 0.000000
1692799659613286249 145.012844 0.000000
1692799659721499820 144.919089 0.000000
1692799659794961961 144.959794 0.000000
1692799659867581171 145.208151 0.000000
1692799659977396901 145.438635 0.000000
1692799660120778339 145.219420 0.000000
1692799660122394184 145.024624 0.000000
1692799660195291366 144.890906 0.000000
1692799660339607132 145.275128 0.000000
1692799660520586826 145.261181 0.000000
1692799660630859615 145.093226 0.000000
1692799660667922424 145.019367 0.000000
1692799660703584773 145.031570 0.000000
1692799660704023147 145.064272 0.000000
1692799660848272366 145.176471 0.000000
1692799660921019826 144.824010 0.000000
1692799660994791821 145.730853 0.000000
1692799661029911931 144.794304 0.000000
1692799661212430966 144.774526 0.000000
1692799661430330683 144.682945 0.000000
1692799661503408413 144.988318 0.000000
1692799661613511202 145.286989 0.000000
1692799661685219409 144.968971 0.000000
1692799661721864053 144.786037 0.000000
1692799661758498758 144.986364 0.000000
1692799661758633101 144.916834 0.000000
1692799661939684958 145.109903 0.000000
1692799661976919009 144.945986 0.000000
1692799662158277597 144.740474 0.000000
1692799662194146083 144.625838 0.000000
1692799662448625030 145.196809 0.000000
1692799662485040754 144.889864 0.000000
1692799662629411191 145.517231 0.000000
1692799662774839606 145.125747 0.000000
1692799662811074510 144.791979 0.000000
1692799662885654222 145.002234 0.000000
1692799662886254138 145.218150 0.000000
1692799662993011954 145.399300 0.000000
1692799662994628991 144.648770 0.000000
1692799663066273970 145.086403 0.000000
1692799663066908182 144.822286 0.000000
1692799663102365192 144.994607 0.000000
1692799663140345054 144.821161 0.000000
1692799663211925823 145.016991 0.000000
1692799663248036034 144.913178 0.000000
1692799663320166004 144.988529 0.000000
1692799663393369851 144.669429 0.000000
1692799663429919226 145.373882 0.000000
1692799663721153965 145.429898 0.000000
1692799663758016538 144.804943 0.000000
1692799663939223539 145.071285 0.000000
1692799664121225394 145.111319 0.000000
1692799664158200708 144.967018 0.000000
1692799664485006725 144.843897 0.000000
1692799664521458185 145.104647 0.000000
1692799664630933615 144.997524 0.000000
1692799664668352754 145.092904 0.000000
1692799664704356523 145.046017 0.000000
1692799664884481892 144.979741 0.000000
1692799664994494772 144.829831 0.000000
1692799665066960913 145.353914 0.000000
1692799665067802725 145.442521 0.000000
1692799665212029081 145.041768 0.000000
1692799665248212809 144.881707 0.000000
1692799665248522311 144.760911 0.000000
1692799665285557106 144.973438 0.000000
1692799665285714622 145.089537 0.000000
1692799665359060837 145.216546 0.000000
1692799665611912887 145.256203 0.000000
1692799665685847626 144.805655 0.000000
1692799665794391436 144.895083 0.000000
1692799665903257852 144.997374 0.000000
1692799666013066918 144.719392 0.000000
1692799666048022971 145.021581 0.000000
1692799666156975949 145.009818 0.000000
1692799666376077521 145.326284 0.000000
1692799666702910346 145.049983 0.000000
1692799666739620894 145.076252 0.000000
1692799666740184313 144.937362 0.000000
1692799666776794000 145.047829 0.000000
1692799666921740378 144.945105 0.000000
1692799666957845208 145.002544 0.000000
1692799667031702502 145.081654 0.000000
1692799667139018576 145.107851 0.000000
1692799667176519105 145.101719 0.000000
1692799667212822719 144.978688 0.000000
1692799667322025457 145.089488 0.000000
1692799667358189538 145.042179 0.000000
1692799667502813972 145.206147 0.000000
1692799667576400548 145.152185 0.000000
1692799667759440090 145.243225 0.000000
1692799668049911214 145.302809 0.000000
1692799668194425971 145.536066 0.000000
1692799668231666534 144.925599 0.000000
1692799668377115196 145.270538 0.000000
1692799668486181596 145.090999 0.000000
1692799668558874843 144.964521 0.000000
1692799668631812619 145.350035 0.000000
1692799668740129684 144.918777 0.000000
1692799668740403428 145.087775 0.000000
1692799668994636851 145.055973 0.000000
1692799669067957037 145.047398 0.000000
1692799669104512633 144.936741 0.000000
1692799669140874936 144.989750 0.000000
1692799669141697010 145.187922 0.000000
1692799669285779505 144.891034 0.000000
1692799669576793468 145.260178 0.000000
1692799669576936337 144.968200 0.000000
1692799669613090108 145.280836 0.000000
1692799669795413865 145.081451 0.000000
1692799669904788335 144.629093 0.000000
1692799669978345724 144.669817 0.000000
1692799670050125947 144.873791 0.000000
1692799670085939009 145.188272 0.000000
1692799670195226986 145.112991 0.000000
1692799670268182576 144.987955 0.000000
1692799670340366707 145.100657 0.000000
1692799670376943954 145.017030 0.000000
1692799670523740758 145.368120 0.000000
1692799670524181095 145.158847 0.000000
1692799670595303692 145.311613 0.000000
1692799670706127093 145.184474 0.000000
1692799670740712649 145.405771 0.000000
1692799670741715443 144.955385 0.000000
1692799670741772890 145.439304 0.000000
1692799670776838618 145.280505 0.000000
1692799671322875405 144.861168 0.000000
1692799671395105581 145.266017 0.000000
1692799671396934867 145.668402 0.000000
1692799671613348991 145.345246 0.000000
1692799671650658975 144.908427 0.000000
1692799671651332750 145.092723 0.000000
1692799671796887130 145.550152 0.000000
1692799671833348649 144.936489 0.000000
1692799671868872878 145.085902 0.000000
1692799671869632976 145.638199 0.000000
1692799671941177105 145.247063 0.000000
1692799671978806248 145.046216 0.000000
1692799672196117767 145.346349 0.000000
1692799672196270614 144.972196 0.000000
1692799672233651098 145.152163 0.000000
1692799672304881949 145.179204 0.000000
1692799672414059408 144.760699 0.000000
1692799672742013978 145.209481 0.000000
1692799672850660387 145.286375 0.000000
1692799672959786853 145.260077 0.000000
1692799672996958957 144.735063 0.000000
1692799672997401769 145.192883 0.000000
1692799672997994913 145.339388 0.000000
1692799673141900566 145.034874 0.000000
1692799673143217019 145.116287 0.000000
1692799673177798757 144.875124 0.000000
1692799673506026720 145.004306 0.000000
1692799673541224687 145.286457 0.000000
1692799673578683830 144.851820 0.000000
1692799673614265577 144.960805 0.000000
1692799673759460571 145.375794 0.000000
1692799673904915884 145.186598 0.000000
1692799674050625394 145.299630 0.000000
1692799674233549791 145.164790 0.000000
1692799674415099845 145.430637 0.000000
1692799674524276661 144.907113 0.000000
1692799674560015795 144.962367 0.000000
1692799674705626097 144.680195 0.000000
1692799674815388153 144.988845 0.000000
1692799674960706921 145.315803 0.000000
1692799674996731901 145.281680 0.000000
1692799674997317852 145.087073 0.000000
1692799675105903409 145.167163 0.000000
1692799675397864128 145.183824 0.000000
1692799675471508191 145.253143 0.000000
1692799675579013678 145.168193 0.000000
1692799675616107896 144.932691 0.000000
1692799675688208218 145.200383 0.000000
1692799675834882191 144.789323 0.000000
1692799676525528720 144.990230 0.000000
1692799676598931690 145.228908 0.000000
1692799676670003170 144.737204 0.000000
1692799676779723167 145.152703 0.000000
1692799676780693981 144.826792 0.000000
1692799676925694900 144.769304 0.000000
1692799677143670374 145.395430 0.000000
1692799677433880400 144.905336 0.000000
1692799677507882767 144.836880 0.000000
1692799677508374170 145.252040 0.000000
1692799677579425294 144.876328 0.000000
1692799677616038107 145.475683 0.000000
1692799677652111497 145.243927 0.000000
1692799677653257931 144.905692 0.000000
1692799677834237891 145.288020 0.000000
1692799677870229008 145.203250 0.000000
1692799678051848011 144.961475 0.000000
1692799678054043495 145.437450 0.000000
1692799678126430927 145.277469 0.000000
1692799678307555821 145.139751 0.000000
1692799678308392512 145.056965 0.000000
1692799678490046350 144.988395 0.000000
1692799678779351489 145.285503 0.000000
1692799678853610686 144.979610 0.000000
1692799678889076285 145.239097 0.000000
1692799678924752168 145.398154 0.000000
1692799678961199591 145.185385 0.000000
1692799679034791023 145.135650 0.000000
1692799679070333326 145.039761 0.000000
1692799679107834379 144.940545 0.000000
1692799679288288143 145.191898 0.000000
1692799679324722861 144.871368 0.000000
1692799679398144245 144.948621 0.000000
1692799679435681586 145.005458 0.000000
1692799679580942111 144.845587 0.000000
1692799679615830446 144.890873 0.000000
1692799679652513262 145.278260 0.000000
1692799679689712154 145.343541 0.000000
1692799679797876077 145.391449 0.000000
1692799679870530022 145.451976 0.000000
1692799679871656217 145.014465 0.000000
1692799680125017358 145.205603 0.000000
1692799680126728943 145.366444 0.000000
1692799680126928779 145.352138 0.000000
1692799680270636380 144.792840 0.000000
1692799680308262674 145.021856 0.000000
1692799680344674340 144.755165 0.000000
1692799680416036367 145.055791 0.000000
1692799680453698731 145.018724 0.000000
1692799680598873347 145.173174 0.000000
1692799680636005505 145.500667 0.000000
1692799680708466776 145.431126 0.000000
1692799680780856312 144.849694 0.000000
1692799680816183961 145.166129 0.000000
1692799680890283548 144.846618 0.000000
1692799680925603053 145.113860 0.000000
1692799681034101126 145.293170 0.000000
1692799681035645266 145.120084 0.000000
1692799681072247069 145.260898 0.000000
1692799681107684985 145.128258 0.000000
1692799681144255708 145.194491 0.000000
1692799681253185252 144.895751 0.000000
1692799681253929389 145.201767 0.000000
1692799681290019681 145.433984 0.000000
1692799681290677677 145.245790 0.000000
1692799681544205091 145.027960 0.000000
1692799681653350078 145.032549 0.000000
1692799681726908587 144.797554 0.000000
1692799681762151418 145.399095 0.000000
1692799681763142891 145.112157 0.000000
1692799682016865422 145.232276 0.000000
1692799682090203660 145.142184 0.000000
1692799682162360529 145.517790 0.000000
1692799682198339512 145.020858 0.000000
1692799682236164201 145.258803 0.000000
1692799682418320282 145.139813 0.000000
1692799682418927462 145.198222 0.000000
1692799682453080185 145.180188 0.000000
1692799682526393182 145.238351 0.000000
1692799682564209988 145.281173 0.000000
1692799682708891628 145.379902 0.000000
1692799682853673102 144.779560 0.000000
1692799682890987664 144.934393 0.000000
1692799683143918067 145.022820 0.000000
1692799683181887317 145.025887 0.000000
1692799683398778103 145.168142 0.000000
1692799683507174183 145.173834 0.000000
1692799683508999181 145.492552 0.000000
1692799683581061231 144.909205 0.000000
1692799683797609723 145.186277 0.000000
1692799683798832971 145.147474 0.000000
1692799683799172789 144.752382 0.000000
1692799683944016432 144.842801 0.000000
1692799683981121860 144.960191 0.000000
1692799684015861696 145.409920 0.000000
1692799684052154598 145.074909 0.000000
1692799684089075771 145.057626 0.000000
1692799684197315336 145.159395 0.000000
1692799684235747576 144.861224 0.000000
1692799684306775205 145.000579 0.000000
1692799684307487112 145.032789 0.000000
1692799684344013752 145.037026 0.000000
1692799684451677315 144.934030 0.000000
1692799684560645290 145.012860 0.000000
1692799684596798289 145.118720 0.000000
1692799684707034566 145.159916 0.000000
1692799684744284376 144.942238 0.000000
1692799684814986281 144.774033 0.000000
1692799685034848958 145.213556 0.000000
1692799685578908633 145.227545 0.000000
1692799685615809628 144.988716 0.000000
1692799685616235478 144.769845 0.000000
1692799685689105887 144.774453 0.000000
1692799685759516794 145.114800 0.000000
1692799685870083744 145.072756 0.000000
1692799685942474200 145.325938 0.000000
1692799686050591567 145.359794 0.000000
1692799686051266264 145.043910 0.000000
1692799686160420418 145.236191 0.000000
1692799686195990993 145.397352 0.000000
1692799686198216393 145.434081 0.000000
1692799686341440073 145.447096 0.000000
1692799686451493005 144.787527 0.000000
1692799686525709162 144.880312 0.000000
1692799686526238566 144.954611 0.000000
1692799686705022500 145.058725 0.000000
1692799686741563309 144.992261 0.000000
1692799686850417910 145.103161 0.000000
1692799686888919161 145.194372 0.000000
1692799687033197561 144.726091 0.000000
1692799687177328121 144.755554 0.000000
1692799687177951923 144.745065 0.000000
1692799687250746920 145.533697 0.000000
1692799687322806117 144.852771 0.000000
1692799687358577489 145.075137 0.000000
1692799687503742676 145.164205 0.000000
1692799687540992575 144.617277 0.000000
1692799687614054403 144.911199 0.000000
1692799687759463929 144.927061 0.000000
1692799687831222009 144.703721 0.000000
1692799687869078068 144.655841 0.000000
1692799687905746836 144.710874 0.000000
1692799688013913042 144.834002 0.000000
1692799688268273347 145.071740 0.000000
1692799688304580287 144.938900 0.000000
1692799688341282298 144.982274 0.000000
1692799688412105270 145.056483 0.000000
1692799688412973060 145.047265 0.000000
1692799688521994464 144.974657 0.000000
1692799688594156753 145.110504 0.000000
1692799688704377949 144.847187 0.000000
1692799688739608316 145.113528 0.000000
1692799688813220427 145.279342 0.000000
1692799688849471341 145.092130 0.000000
1692799689068447743 144.995287 0.000000
1692799689248081333 145.094662 0.000000
1692799689321000724 145.236950 0.000000
1692799689393984936 145.073504 0.000000
1692799689430199991 145.206202 0.000000
1692799689503339476 144.958638 0.000000
1692799689576079066 144.856766 0.000000
1692799689612878872 145.270373 0.000000
1692799689721358610 145.327093 0.000000
1692799689867078506 144.889527 0.000000
1692799689867937850 144.987541 0.000000
1692799689976381119 145.051865 0.000000
1692799690085894767 145.032726 0.000000
1692799690157622970 145.191475 0.000000
1692799690230439097 145.259143 0.000000
1692799690376774280 144.874439 0.000000
1692799690412995177 145.680513 0.000000
1692799690558328589 145.189712 0.000000
1692799690667923501 145.331489 0.000000
1692799690740663703 145.298355 0.000000
1692799691213243651 145.157783 0.000000
1692799691322924793 145.106536 0.000000
1692799691432404849 145.427408 0.000000
1692799691468034444 145.107386 0.000000
1692799691469028842 144.987822 0.000000
1692799691504264619 145.223807 0.000000
1692799691506218569 145.038508 0.000000
1692799691759841259 144.992061 0.000000
1692799691795567355 145.539078 0.000000
1692799691833269155 145.020173 0.000000
1692799691904273800 145.271226 0.000000
1692799691940843421 145.054059 0.000000
1692799692050601318 144.962785 0.000000
1692799692195098387 145.169272 0.000000
1692799692414590267 145.435793 0.000000
1692799692414621987 145.585475 0.000000
1692799692559749511 145.156910 0.000000
1692799692704666821 144.654426 0.000000
1692799692740907315 144.772989 0.000000
1692799692886041683 145.301021 0.000000
1692799692886315257 144.752811 0.000000
1692799692922966622 145.198908 0.000000
1692799692959046083 144.838193 0.000000
1692799693033096718 144.999604 0.000000
1692799693069299971 144.940863 0.000000
1692799693250379837 145.205299 0.000000
1692799693250701912 145.168019 0.000000
1692799693360412781 145.901178 0.000000
1692799693432596148 144.823082 0.000000
1692799693577247587 145.310436 0.000000
1692799693614618846 145.060548 0.000000
1692799693759390882 145.091676 0.000000
1692799693795631154 145.153382 0.000000
1692799693941528187 145.466784 0.000000
1692799693977305621 144.857168 0.000000
1692799694086788368 144.992348 0.000000
1692799694123494458 145.385258 0.000000
1692799694267938068 144.971982 0.000000
1692799694268369709 144.873668 0.000000
1692799694268530742 144.966844 0.000000
1692799694378161928 145.271303 0.000000
1692799694450650992 145.484413 0.000000
1692799694451508002 144.753641 0.000000
1692799694487414126 144.717553 0.000000
1692799694668701271 144.897172 0.000000
1692799694777520145 145.030943 0.000000
1692799695033260059 145.397140 0.000000
1692799695141401602 145.098780 0.000000
1692799695179571176 144.850594 0.000000
1692799695250830811 144.960841 0.000000
1692799695252309579 145.126172 0.000000
1692799695287619694 144.891841 0.000000
1692799695468837269 144.831707 0.000000
1692799695759772295 145.068593 0.000000
1692799695761168056 144.884939 0.000000
1692799695796034611 145.666498 0.000000
1692799696160494222 144.970170 0.000000
1692799696196090404 145.124317 0.000000
1692799696197096935 144.979154 0.000000
1692799696306373855 145.140234 0.000000
1692799696341414095 144.825164 0.000000
1692799696451178335 145.426369 0.000000
1692799696632641760 145.424860 0.000000
1692799696742618128 145.126730 0.000000
1692799696924075624 145.560556 0.000000
1692799696924308201 144.899475 0.000000
1692799696960062532 145.410026 0.000000
1692799697069491711 145.452005 0.000000
1692799697143490680 144.874189 0.000000
1692799697252662684 145.060277 0.000000
1692799697433656699 145.741948 0.000000
1692799697506205152 145.457523 0.000000
1692799697542467236 145.285001 0.000000
1692799697543666689 145.136963 0.000000
1692799697579258826 144.932960 0.000000
1692799697652154160 144.932488 0.000000
1692799697687829400 145.359659 0.000000
1692799697797121652 144.965388 0.000000
1692799697905925236 145.247658 0.000000
1692799698015220483 145.299969 0.000000
1692799698088870887 145.267286 0.000000
1692799698198681012 144.917760 0.000000
1692799698233463066 145.099231 0.000000
1692799698379169626 145.327768 0.000000
1692799698380241029 144.825666 0.000000
1692799698451692071 145.492289 0.000000
1692799698524950027 144.866724 0.000000
1692799698597150945 145.456690 0.000000
1692799698670105440 144.853145 0.000000
1692799698706487721 144.977963 0.000000
1692799698742993481 144.725889 0.000000
1692799698888073707 145.056681 0.000000
1692799698961866098 144.719648 0.000000
1692799699071436090 145.178769 0.000000
1692799699143653271 144.942104 0.000000
1692799699288603542 145.020663 0.000000
1692799699326487661 145.416375 0.000000
1692799699543994417 145.135725 0.000000
1692799699615448087 145.147783 0.000000
1692799699617994520 145.528627 0.000000
1692799699689096376 144.976132 0.000000
1692799699762957154 145.163261 0.000000
1692799699834537185 144.798483 0.000000
1692799699870125144 145.085123 0.000000
1692799699907302347 145.149504 0.000000
1692799700052737397 144.775783 0.000000
1692799700125244373 145.667747 0.000000
1692799700381613990 144.777155 0.000000
1692799700416469029 144.654382 0.000000
1692799700416599624 145.121380 0.000000
1692799700526880576 144.901550 0.000000
1692799700561416456 144.815550 0.000000
1692799700743363080 145.139113 0.000000
1692799700779705704 145.421135 0.000000
1692799700816112281 145.414042 0.000000
1692799700890297999 144.793787 0.000000
1692799700925402186 144.871091 0.000000
1692799700998491887 144.929182 0.000000
1692799701252520356 145.185882 0.000000
1692799701289587543 145.025733 0.000000
1692799701289863752 145.566157 0.000000
1692799701290039001 145.157821 0.000000
1692799701325921673 145.747601 0.000000
1692799701435530657 145.415472 0.000000
1692799701580363840 145.214060 0.000000
1692799702018039035 144.933749 0.000000
1692799702344658157 145.159863 0.000000
1692799702454727829 144.907529 0.000000
1692799702454800436 144.849862 0.000000
1692799702563722250 145.144185 0.000000
1692799702744608060 145.081385 0.000000
1692799702890246053 145.296481 0.000000
1692799702890961406 145.079263 0.000000
1692799702925840382 145.247191 0.000000
1692799702999118657 145.045802 0.000000
1692799703145833189 145.082407 0.000000
1692799703289521661 145.343290 0.000000
1692799703326318377 144.831697 0.000000
1692799703399809570 144.802801 0.000000
1692799703471373666 144.866233 0.000000
1692799703762089086 145.178931 0.000000
1692799704016866963 145.060660 0.000000
1692799704018387529 145.211924 0.000000
1692799704054078931 145.396820 0.000000
1692799704125902961 144.703916 0.000000
1692799704271802294 145.235956 0.000000
1692799704345330648 144.926435 0.000000
1692799704527377278 144.644744 0.000000
1692799704599494188 144.851872 0.000000
1692799704744479276 145.235599 0.000000
1692799704853677401 145.385497 0.000000
1692799705000343705 145.071288 0.000000
1692799705072828097 145.023507 0.000000
1692799705109853434 145.140949 0.000000
1692799705182541887 144.721949 0.000000
1692799705217178079 145.104499 0.000000
1692799705218285659 145.256174 0.000000
1692799705329629625 148.048763 0.000000
1692799705584103529 144.710960 0.000000
1692799705618059371 145.148284 0.000000
1692799705691552907 145.251614 0.000000
1692799705728327535 144.861814 0.000000
1692799705801432464 145.372944 0.000000
1692799705947253117 145.255702 0.000000
1692799706238060209 144.983671 0.000000
1692799706311586307 145.216510 0.000000
1692799707039267326 145.339750 0.000000
1692799707074153717 145.138034 0.000000
1692799707218939780 145.118858 0.000000
1692799707220194527 144.920916 0.000000
1692799707257036930 144.916919 0.000000
1692799707329622030 144.949949 0.000000
1692799707364156338 145.214334 0.000000
1692799707401974493 145.355108 0.000000
1692799707437284290 144.903832 0.000000
1692799707510837429 145.388613 0.000000
1692799707547634098 144.937047 0.000000
1692799707766136082 145.134364 0.000000
1692799707802163426 145.402259 0.000000
1692799707838207851 144.768908 0.000000
1692799708091893274 145.184840 0.000000
1692799708091904926 145.136379 0.000000
1692799708384821209 144.919141 0.000000
1692799708384872084 144.806690 0.000000
1692799708420655769 144.740655 0.000000
1692799708492609145 144.728843 0.000000
1692799708530009216 145.135378 0.000000
1692799708637984844 144.889255 0.000000
1692799708710747037 145.135967 0.000000
1692799708711186733 145.113014 0.000000
1692799709037260718 145.376880 0.000000
1692799709074348414 144.841655 0.000000
1692799709329625315 144.980375 0.000000
1692799709365092838 145.213134 0.000000
1692799709402558542 145.135648 0.000000
1692799709510615502 144.965909 0.000000
1692799709584496596 145.117672 0.000000
1692799709693127645 145.341794 0.000000
1692799709801719029 145.354181 0.000000
1692799709910647717 144.943258 0.000000
1692799709947102563 144.801691 0.000000
1692799710128442675 145.011456 0.000000
1692799710201433288 145.011655 0.000000
1692799710273591537 145.041961 0.000000
1692799710310714658 144.920614 0.000000
1692799710384672637 145.017154 0.000000
1692799710419315478 145.285958 0.000000
1692799710456103721 145.000302 0.000000
1692799710529311683 145.386871 0.000000
1692799710638271758 144.940753 0.000000
1692799710675634557 145.266761 0.000000
1692799710710419407 145.034166 0.000000
1692799710747035936 145.220397 0.000000
1692799710747793179 145.017796 0.000000
1692799710784721634 144.955519 0.000000
1692799710819824970 144.895098 0.000000
1692799710855565923 145.144022 0.000000
1692799710929923365 145.200068 0.000000
1692799711073769792 145.184179 0.000000
1692799711329058136 144.780331 0.000000
1692799711330229056 145.222953 0.000000
1692799711512223054 144.984513 0.000000
1692799711692585091 145.241377 0.000000
1692799711692844649 144.890287 0.000000
1692799711693755450 145.334963 0.000000
1692799711839548630 144.946971 0.000000
1692799712092491018 145.122381 0.000000
1692799712094454396 145.204566 0.000000
1692799712129944859 145.165161 0.000000
1692799712130529367 144.900764 0.000000
1692799712201430726 145.221210 0.000000
1692799712274370804 145.031102 0.000000
1692799712638543460 144.799728 0.000000
1692799712820294134 144.809834 0.000000
1692799713038032193 144.852352 0.000000
1692799713073875792 145.013887 0.000000
1692799713110312885 144.779518 0.000000
1692799713328422364 145.222192 0.000000
1692799713584759795 145.157037 0.000000
1692799713656110470 144.915193 0.000000
1692799713692511401 144.962138 0.000000
1692799714019582150 145.073560 0.000000
1692799714128916107 144.846092 0.000000
1692799714129807722 144.935911 0.000000
1692799714201034323 144.843400 0.000000
1692799714238458226 144.872831 0.000000
1692799714239409533 145.476936 0.000000
1692799714347526656 144.932122 0.000000
1692799714456539302 145.559071 0.000000
1692799714711278085 144.782665 0.000000
1692799714746394166 145.214027 0.000000
1692799714746423752 145.060168 0.000000
1692799714747483011 145.192446 0.000000
1692799714748074943 144.884488 0.000000
1692799714891703023 145.276837 0.000000
1692799714893115667 145.039231 0.000000
1692799714965323902 145.002616 0.000000
1692799715002191824 145.040198 0.000000
1692799715036680055 144.890379 0.000000
1692799715257016746 145.007235 0.000000
1692799715293443519 145.706230 0.000000
1692799715364508914 144.799946 0.000000
1692799715437259656 145.301637 0.000000
1692799715546425620 144.934922 0.000000
1692799715582162847 144.901658 0.000000
1692799715946232619 144.829742 0.000000
1692799715946660954 144.844811 0.000000
1692799716054787365 145.391167 0.000000
1692799716236888153 144.942191 0.000000
1692799716419017718 145.324592 0.000000
1692799716636890792 145.289726 0.000000
1692799716637714229 144.895776 0.000000
1692799717073167835 145.499979 0.000000
1692799717073445467 144.900333 0.000000
1692799717145944917 145.047322 0.000000
1692799717292430387 145.135033 0.000000
1692799717399383974 145.088296 0.000000
1692799717691044246 145.177294 0.000000
1692799717764637488 144.653158 0.000000
1692799717835893903 144.847493 0.000000
1692799717837282682 144.875566 0.000000
1692799717872757318 145.031360 0.000000
1692799717909165836 145.030422 0.000000
1692799717980950983 144.986296 0.000000
1692799717981709588 144.936182 0.000000
1692799717982922857 145.104899 0.000000
1692799718018404884 145.309631 0.000000
1692799718054007239 144.840240 0.000000
1692799718090951394 144.822187 0.000000
1692799718344164246 145.150222 0.000000
1692799718382529502 144.813543 0.000000
1692799718417722385 144.940830 0.000000
1692799718562663105 144.964084 0.000000
1692799718889947400 144.817539 0.000000
1692799719036202771 144.904964 0.000000
1692799719037171431 145.764239 0.000000
1692799719071608806 144.950759 0.000000
1692799719144578099 145.151296 0.000000
1692799719216958084 144.880578 0.000000
1692799719253729142 145.018016 0.000000
1692799719327121469 144.781503 0.000000
1692799719398502788 145.182063 0.000000
1692799719398982780 144.965095 0.000000
1692799719507947415 144.847546 0.000000
1692799719581122221 144.555324 0.000000
1692799719616667319 145.047530 0.000000
1692799719652516476 145.054122 0.000000
1692799719871619749 144.763656 0.000000
1692799719872163200 145.212520 0.000000
1692799720016047415 144.944176 0.000000
1692799720199149074 145.345489 0.000000
1692799720272351505 144.924840 0.000000
1692799720379768159 144.998216 0.000000
1692799720383348495 149.293766 0.000000
1692799720488702178 145.107973 0.000000
1692799720492176093 148.995876 0.000000
1692799720492219445 147.249757 0.000000
1692799720562061211 144.943824 0.000000
1692799720598088966 145.136709 0.000000
1692799720670293120 145.085962 0.000000
1692799720710883252 144.864417 0.000000
1692799720815817695 145.033062 0.000000
1692799720851790116 144.968423 0.000000
1692799720856902288 144.875237 0.000000
1692799720893302779 145.069490 0.000000
1692799721033705595 145.280588 0.000000
1692799721069984961 144.877119 0.000000
1692799721070492354 145.228338 0.000000
1692799721178858333 145.035529 0.000000
1692799721287978479 144.820582 0.000000
1692799721324070434 144.955089 0.000000
1692799721360439649 145.065796 0.000000
1692799721402130197 144.737037 0.000000
1692799721506631076 145.067306 0.000000
1692799721541811868 145.165111 0.000000
1692799721547492057 144.922666 0.000000
1692799721796557891 145.208031 0.000000
1692799721801987058 145.174308 0.000000
1692799721905633061 145.230885 0.000000
1692799722269481620 145.358918 0.000000
1692799722491099505 145.171593 0.000000
1692799722491948028 145.187382 0.000000
1692799722669706650 144.704985 0.000000
1692799722960709345 145.523634 0.000000
1692799723033789657 145.000653 0.000000
1692799723073075289 145.031830 0.000000
1692799723145894038 145.002163 0.000000
1692799723179518374 145.219350 0.000000
1692799723217884190 144.807288 0.000000
1692799723287975154 145.257533 0.000000
1692799723397312127 145.268324 0.000000
1692799723435380632 144.818358 0.000000
1692799723436351266 144.888911 0.000000
1692799723507783923 145.154562 0.000000
1692799723542580431 144.893930 0.000000
1692799723654872176 144.866940 0.000000
1692799723688277833 145.062069 0.000000
1692799723724201270 145.113553 0.000000
1692799723763934315 145.017185 0.000000
1692799723798229963 145.055577 0.000000
1692799723833834781 145.095641 0.000000
1692799723836039622 144.827918 0.000000
1692799724017394912 144.873625 0.000000
1692799724270665180 145.031308 0.000000
1692799724379793098 145.125615 0.000000
1692799724488237106 145.143850 0.000000
1692799724743925087 144.825151 0.000000
1692799724929001415 144.901758 0.000000
1692799724965663287 145.055653 0.000000
1692799725002364547 144.823508 0.000000
1692799725038834120 144.803632 0.000000
1692799725038950839 145.270318 0.000000
1692799725253180866 145.172825 0.000000
1692799725292682624 145.093205 0.000000
1692799725438689766 145.277211 0.000000
1692799725510982147 145.151383 0.000000
1692799725511011071 145.351609 0.000000
1692799725584358244 145.224634 0.000000
1692799725693399330 145.209355 0.000000
1692799725762407232 145.310624 0.000000
1692799725803089176 144.839480 0.000000
1692799725874526952 145.011613 0.000000
1692799725875153800 145.039967 0.000000
1692799725912489439 144.919851 0.000000
1692799725985176490 145.399422 0.000000
1692799726020759979 144.938565 0.000000
1692799726093061835 144.934068 0.000000
1692799726130226745 144.921162 0.000000
1692799726130726233 145.284165 0.000000
1692799726275710694 144.935308 0.000000
1692799726383953663 145.269508 0.000000
1692799726493049803 144.720384 0.000000
1692799726711579809 145.256343 0.000000
1692799726748385654 145.236024 0.000000
1692799726820208069 145.128289 0.000000
1692799726928997914 144.651617 0.000000
1692799726966914837 144.693166 0.000000
1692799727038955974 144.758197 0.000000
1692799727148862387 145.450927 0.000000
1692799727474719588 144.891285 0.000000
1692799727510471774 145.297440 0.000000
1692799727548154706 145.069312 0.000000
1692799727548588862 144.862844 0.000000
1692799727910888714 145.130176 0.000000
1692799727947400866 145.309900 0.000000
1692799728129178086 145.207902 0.000000
1692799728129239261 144.508909 0.000000
1692799728129977928 145.093978 0.000000
1692799728165131340 145.074952 0.000000
1692799728202861720 144.983258 0.000000
1692799728383626390 145.257316 0.000000
1692799728493662605 145.374093 0.000000
1692799728638248614 145.088022 0.000000
1692799728674641695 145.318649 0.000000
1692799729111731141 145.103775 0.000000
1692799729148128367 145.258966 0.000000
1692799729402126081 145.106298 0.000000
1692799729692917598 145.428294 0.000000
1692799729694099258 145.724841 0.000000
1692799729694287872 145.717437 0.000000
1692799729730246356 144.981053 0.000000
1692799729803558932 145.233298 0.000000
1692799729839103075 145.019056 0.000000
1692799729839134654 145.032611 0.000000
1692799730020419280 145.162555 0.000000
1692799730020432155 145.139081 0.000000
1692799730020814443 145.068689 0.000000
1692799730203593444 145.523312 0.000000
1692799730274640633 145.159569 0.000000
1692799730276079115 144.852972 0.000000
1692799730311141535 144.854195 0.000000
1692799730457731132 144.886087 0.000000
1692799730602227614 145.067985 0.000000
1692799730748917327 145.172884 0.000000
1692799730784566100 144.717803 0.000000
1692799730785722943 145.375388 0.000000
1692799730929679983 144.785185 0.000000
1692799730966714927 145.096201 0.000000
1692799731002471749 144.962580 0.000000
1692799731111854279 145.049704 0.000000
1692799731184420892 144.654650 0.000000
1692799731221763998 144.776761 0.000000
1692799731256321219 145.181612 0.000000
1692799731257583540 145.531129 0.000000
1692799731257660224 145.292551 0.000000
1692799731401464234 145.141261 0.000000
1692799731402560974 144.975720 0.000000
1692799731584777900 144.727980 0.000000
1692799731693224228 145.237113 0.000000
1692799731838509866 144.902658 0.000000
1692799731948054489 145.647097 0.000000
1692799731948740347 145.021712 0.000000
1692799732057052584 145.295165 0.000000
1692799732057954328 145.163027 0.000000
1692799732092944290 144.634341 0.000000
1692799732129445471 144.848205 0.000000
1692799732348056648 145.198322 0.000000
1692799732493050394 144.990389 0.000000
1692799732784389469 145.464109 0.000000
1692799732855875092 144.905670 0.000000
1692799732892513013 144.980242 0.000000
1692799733001506339 144.843949 0.000000
1692799733002605293 145.450828 0.000000
1692799733109950764 144.872049 0.000000
1692799733328394868 145.092956 0.000000
1692799733473519821 145.158165 0.000000
1692799733510474575 144.954874 0.000000
1692799733546223974 145.121635 0.000000
1692799733546484804 145.141773 0.000000
1692799733546700469 144.850897 0.000000
1692799733692993458 144.664951 0.000000
1692799733764218702 144.777252 0.000000
1692799733801521169 145.096639 0.000000
1692799733836998418 145.454192 0.000000
1692799734019064419 144.847952 0.000000
1692799734091446746 145.240761 0.000000
1692799734383539646 145.050264 0.000000
1692799734383972169 144.917385 0.000000
1692799734419600079 145.039715 0.000000
1692799734528221207 145.283581 0.000000
1692799734601858643 145.095952 0.000000
1692799734673425949 145.200514 0.000000
1692799734674010877 144.964851 0.000000
1692799734747762460 145.219671 0.000000
1692799734892670537 145.082064 0.000000
1692799734928558807 144.854326 0.000000
1692799734964752881 144.890702 0.000000
1692799735000734990 144.856262 0.000000
1692799735001151712 145.019258 0.000000
1692799735074724725 145.013884 0.000000
1692799735110081730 145.357683 0.000000
1692799735183393001 145.655889 0.000000
1692799735438639430 144.910648 0.000000
1692799735475094084 144.907565 0.000000
1692799735619899108 145.171302 0.000000
1692799735619963599 144.865698 0.000000
1692799735766098028 144.938563 0.000000
1692799735801096359 144.986203 0.000000
1692799735837753212 145.012591 0.000000
1692799736018766826 145.077834 0.000000
1692799736020655153 144.979119 0.000000
1692799736056307930 145.379179 0.000000
1692799736201385767 145.119344 0.000000
1692799736238046989 144.934474 0.000000
1692799736273371239 144.617231 0.000000
1692799736274184376 145.163657 0.000000
1692799736275138749 144.818428 0.000000
1692799736310478849 144.828524 0.000000
1692799736491269958 144.883591 0.000000
1692799736564328226 144.843205 0.000000
1692799736782115623 145.309659 0.000000
1692799736999890528 145.105516 0.000000
1692799737181569793 144.971265 0.000000
1692799737181949887 144.857652 0.000000
1692799737364073147 145.030447 0.000000
1692799737364377479 144.895885 0.000000
1692799737401166380 144.741283 0.000000
1692799737618289731 145.310836 0.000000
1692799737655326390 145.148539 0.000000
1692799737727922077 145.123891 0.000000
1692799737802086143 145.600185 0.000000
1692799737837588418 145.258573 0.000000
1692799737837638602 145.246410 0.000000
1692799737873176496 144.945419 0.000000
1692799737946230103 145.020166 0.000000
1692799737946783292 145.256019 0.000000
1692799738055395916 145.133682 0.000000
1692799738200369082 144.969309 0.000000
1692799738346087291 145.400693 0.000000
1692799738382646722 144.867442 0.000000
1692799738455744592 145.363993 0.000000
1692799738491303274 145.300792 0.000000
1692799738528076267 144.771529 0.000000
1692799738709737135 145.568304 0.000000
1692799738710651282 144.702970 0.000000
1692799738746123163 145.219713 0.000000
1692799738819463038 145.020495 0.000000
1692799739073218253 145.162031 0.000000
1692799739110608075 145.417653 0.000000
1692799739147480155 144.844066 0.000000
1692799739218524038 145.302508 0.000000
1692799739618668383 145.295043 0.000000
1692799739654855736 145.062479 0.000000
1692799739655307194 144.855200 0.000000
1692799739947490752 145.243927 0.000000
1692799740091630304 145.119111 0.000000
1692799740129665387 144.871357 0.000000
1692799740238615312 144.845179 0.000000
1692799740273507753 145.115207 0.000000
1692799740309983036 145.458019 0.000000
1692799740311668071 145.274163 0.000000
1692799740419764049 145.057995 0.000000
1692799740674746412 144.828998 0.000000
1692799740710357479 145.475291 0.000000
1692799740746066023 144.715835 0.000000
1692799740783605415 144.809671 0.000000
1692799740819789700 144.978917 0.000000
1692799740855669523 145.364763 0.000000
1692799740855964878 145.604093 0.000000
1692799740892616024 144.828237 0.000000
1692799740929508166 145.246579 0.000000
1692799741148685707 145.880383 0.000000
1692799741256316160 145.243326 0.000000
1692799741329226631 144.957076 0.000000
1692799741364491463 144.828388 0.000000
1692799741365387836 145.007634 0.000000
1692799741366302234 144.753327 0.000000
1692799741437704710 145.042657 0.000000
1692799741547236408 145.120986 0.000000
1692799741691937836 144.988186 0.000000
1692799741692328590 145.123400 0.000000
1692799741729850285 145.044049 0.000000
1692799741946987781 144.820689 0.000000
1692799742056357345 144.803459 0.000000
1692799742200653582 145.038191 0.000000
1692799742201730114 145.213710 0.000000
1692799742238545846 144.795394 0.000000
1692799742273939406 145.089226 0.000000
1692799742310519695 144.712248 0.000000
1692799742456165236 145.390311 0.000000
1692799742528254213 144.971063 0.000000
1692799742564632784 145.610744 0.000000
1692799742601331136 144.876666 0.000000
1692799742892448249 145.432830 0.000000
1692799742927991661 145.059778 0.000000
1692799742964849165 144.933124 0.000000
1692799743111237389 145.417631 0.000000
1692799743401882986 144.811703 0.000000
1692799743438436858 144.803110 0.000000
1692799743582532165 144.889579 0.000000
1692799743619388816 144.712257 0.000000
1692799743728971467 145.024544 0.000000
1692799743765768994 144.830577 0.000000
1692799743837850599 145.158924 0.000000
1692799743946527640 145.182920 0.000000
1692799743983594855 144.898487 0.000000
1692799744092030506 145.442342 0.000000
1692799744129218225 145.024555 0.000000
1692799744202201099 144.785914 0.000000
1692799744419319331 144.885163 0.000000
1692799744420107060 145.324268 0.000000
1692799744420846309 144.680579 0.000000
1692799744456729769 145.059057 0.000000
1692799744565206947 145.097101 0.000000
1692799744637580026 144.939674 0.000000
1692799744711908579 145.029712 0.000000
1692799744856145624 145.187810 0.000000
1692799744856381347 145.128629 0.000000
1692799745074682719 145.623231 0.000000
1692799745074716642 145.580660 0.000000
1692799745184668958 145.436156 0.000000
1692799745402506499 145.248173 0.000000
1692799745620334111 145.240137 0.000000
1692799745838297390 145.363032 0.000000
1692799745874475093 145.100364 0.000000
1692799745875798549 144.827572 0.000000
1692799745985537785 145.094194 0.000000
1692799746020098292 145.551565 0.000000
1692799746202477167 145.062573 0.000000
1692799746312221234 144.684336 0.000000
1692799746421667439 145.267158 0.000000
1692799746529361603 144.804146 0.000000
1692799746529978231 145.276854 0.000000
1692799746602231336 145.535331 0.000000
1692799746602694657 144.973677 0.000000
1692799746639870767 145.149056 0.000000
1692799746675475294 144.905982 0.000000
1692799747001955571 145.049970 0.000000
1692799747147722730 144.937170 0.000000
1692799747256834187 144.773081 0.000000
1692799747476377400 145.193310 0.000000
1692799747511137610 145.229736 0.000000
1692799747511169299 145.283797 0.000000
1692799747547959323 144.978846 0.000000
1692799747584485813 144.839366 0.000000
1692799747621921059 144.979329 0.000000
1692799747694966422 145.044953 0.000000
1692799747729989216 144.946116 0.000000
1692799747766641974 144.719763 0.000000
1692799747766647725 145.024936 0.000000
1692799747840222110 145.254425 0.000000
1692799747874893052 145.322422 0.000000
1692799747948677804 145.563847 0.000000
1692799748058612818 145.507100 0.000000
1692799748092910189 145.159466 0.000000
1692799748202606555 144.976072 0.000000
1692799748202848670 145.365143 0.000000
1692799748310956280 145.130662 0.000000
1692799748458147865 144.950375 0.000000
1692799748566381155 145.031168 0.000000
1692799748747912088 145.182753 0.000000
1692799748857056265 145.123088 0.000000
1692799748857084808 145.192107 0.000000
1692799748857514686 145.043689 0.000000
1692799749002551733 145.464621 0.000000
1692799749038743032 145.128588 0.000000
1692799749112782373 145.208187 0.000000
1692799749293365546 145.208640 0.000000
1692799749294862828 144.920137 0.000000
1692799749368073049 145.287635 0.000000
1692799749438615101 145.277237 0.000000
1692799749584998266 145.073896 0.000000
1692799749693531088 145.084656 0.000000
1692799749693728619 145.124501 0.000000
1692799749840730907 145.156151 0.000000
1692799749948161016 145.085036 0.000000
1692799749985833347 145.101037 0.000000
1692799750129360739 145.100176 0.000000
1692799750131093514 144.781838 0.000000
1692799750165951496 144.792426 0.000000
1692799750384874394 145.391111 0.000000
1692799750494909137 145.585405 0.000000
1692799750567435185 145.710721 0.000000
1692799750602011853 145.134462 0.000000
1692799750674746691 144.759816 0.000000
1692799750711370353 144.879742 0.000000
1692799750892913649 144.789533 0.000000
1692799750965119645 145.101176 0.000000
1692799751147519643 145.083005 0.000000
1692799751184527924 145.907319 0.000000
1692799751256941972 144.988787 0.000000
1692799751328842673 144.791765 0.000000
1692799751437364403 145.043990 0.000000
1692799751474577433 144.928736 0.000000
1692799751510232773 144.810370 0.000000
1692799751582617386 145.250909 0.000000
1692799751692620919 144.742656 0.000000
1692799751692711228 145.004246 0.000000
1692799751729896053 145.034561 0.000000
1692799752128562458 144.771699 0.000000
1692799752165423645 144.920746 0.000000
1692799752346798136 144.862741 0.000000
1692799752382691393 144.811372 0.000000
1692799752490934899 145.021214 0.000000
1692799752673814337 144.762461 0.000000
1692799752709109403 145.000562 0.000000
1692799752710481420 144.968752 0.000000
1692799752927321886 145.308297 0.000000
1692799752928145443 144.896063 0.000000
1692799752964983177 144.971576 0.000000
1692799753000467067 145.116978 0.000000
1692799753218511715 144.942399 0.000000
1692799753364925318 145.177191 0.000000
1692799753436287369 144.830620 0.000000
1692799753436964271 144.964452 0.000000
1692799753581894704 145.053514 0.000000
1692799753655132181 145.632857 0.000000
1692799753691112832 145.023440 0.000000
1692799753944917943 145.073467 0.000000
1692799754310029529 144.887854 0.000000
1692799754345333001 144.843154 0.000000
1692799754417798735 145.221563 0.000000
1692799754491161424 145.660988 0.000000
1692799754528098061 145.573074 0.000000
1692799754564567201 145.251156 0.000000
1692799754708877062 144.904358 0.000000
1692799754818884101 145.339274 0.000000
1692799754854058290 145.141504 0.000000
1692799754963526224 144.899937 0.000000
1692799755072291161 145.217706 0.000000
1692799755144694068 144.806342 0.000000
1692799755217194336 144.919015 0.000000
1692799755328245667 145.449112 0.000000
1692799755471941042 145.208578 0.000000
1692799755473411003 144.774933 0.000000
1692799755507870138 145.341288 0.000000
1692799755581822025 144.824860 0.000000
1692799755653621526 145.145630 0.000000
1692799755908813358 145.357328 0.000000
1692799755909431258 145.353681 0.000000
1692799755981092893 144.751480 0.000000
1692799755981478337 144.996861 0.000000
1692799756126255814 145.161228 0.000000
1692799756127056168 145.100986 0.000000
1692799756127442794 145.159125 0.000000
1692799756163182795 145.854043 0.000000
1692799756200097894 145.538738 0.000000
1692799756236662533 144.885192 0.000000
1692799756272228506 145.268609 0.000000
1692799756273233764 145.216341 0.000000
1692799756382212821 145.427748 0.000000
1692799756417572008 145.360103 0.000000
1692799756419049764 145.313506 0.000000
1692799756600796983 145.421567 0.000000
1692799756636599422 145.017869 0.000000
1692799756672302535 145.285623 0.000000
1692799756709836194 145.273077 0.000000
1692799757036714869 144.874353 0.000000
1692799757072941653 145.136673 0.000000
1692799757292259492 144.851717 0.000000
1692799757363857435 144.826890 0.000000
1692799757364291610 144.794719 0.000000
1692799757472568960 145.285872 0.000000
1692799757690473804 145.079804 0.000000
1692799757872949422 144.808184 0.000000
1692799758018740624 145.089784 0.000000
1692799758018800797 145.206423 0.000000
1692799758055863612 144.719729 0.000000
1692799758129119392 145.070339 0.000000
1692799758165659244 145.504785 0.000000
1692799758309899784 144.833424 0.000000
1692799758310705357 145.366014 0.000000
1692799758419780046 144.737835 0.000000
1692799758419797639 144.781827 0.000000
1692799758527733096 145.237031 0.000000
1692799758564664053 144.864971 0.000000
1692799758600647683 145.334266 0.000000
1692799758636906658 145.329545 0.000000
1692799758745965666 145.281765 0.000000
1692799758856515253 144.971925 0.000000
1692799758929587495 144.919703 0.000000
1692799758965733798 144.887323 0.000000
1692799759001156194 144.638867 0.000000
1692799759038086529 145.623476 0.000000
1692799759256170372 145.389458 0.000000
1692799759292799411 144.724919 0.000000
1692799759365149518 144.964450 0.000000
1692799759437888403 144.900057 0.000000
1692799759473710759 145.015545 0.000000
1692799759656088955 145.137023 0.000000
1692799759727522749 144.865443 0.000000
1692799759837229653 144.703656 0.000000
1692799759947010247 145.452177 0.000000
1692799759983373799 145.222515 0.000000
1692799760019226192 145.277638 0.000000
1692799760055600766 145.157825 0.000000
1692799760091026775 145.300219 0.000000
1692799760163956750 145.355822 0.000000
1692799760273446555 145.005746 0.000000
1692799760309684274 145.173643 0.000000
1692799760418489115 145.041599 0.000000
1692799760491873513 145.295692 0.000000
1692799760491917556 144.912072 0.000000
1692799760492820311 144.897835 0.000000
1692799760601928158 145.480567 0.000000
1692799760710103087 144.949813 0.000000
1692799760784156572 145.197766 0.000000
1692799760856287345 145.136470 0.000000
1692799760928038849 145.071822 0.000000
1692799760928066431 145.173112 0.000000
1692799761000993441 144.918915 0.000000
1692799761291790780 144.957987 0.000000
1692799761327447307 145.135353 0.000000
1692799761364271804 144.917211 0.000000
1692799761436973560 144.975090 0.000000
1692799761474409598 144.936816 0.000000
1692799761545221755 144.973097 0.000000
1692799761548198276 145.245308 0.000000
1692799761693090760 144.891592 0.000000
1692799761727379306 145.009234 0.000000
1692799761800438364 144.770584 0.000000
1692799761800868893 145.087670 0.000000
1692799761801777429 144.958547 0.000000
1692799761911488440 145.280302 0.000000
1692799761947087305 145.312731 0.000000
1692799762309667508 145.036546 0.000000
1692799762673246652 145.040922 0.000000
1692799762891568318 145.387424 0.000000
1692799763182525950 145.321889 0.000000
1692799763182809071 144.995816 0.000000
1692799763183998465 145.524919 0.000000
1692799763437693103 145.175255 0.000000
1692799763547068424 145.306970 0.000000
1692799763583161319 144.868660 0.000000
1692799763584645717 145.383897 0.000000
1692799763656533192 145.108495 0.000000
1692799763692628474 145.587130 0.000000
1692799763839254411 145.559974 0.000000
1692799764056819106 145.066520 0.000000
1692799764238450196 145.200003 0.000000
1692799764311001318 145.327588 0.000000
1692799764312289337 145.305486 0.000000
1692799764385001494 145.238873 0.000000
1692799764420462000 144.734577 0.000000
1692799764457339308 145.047756 0.000000
1692799764602373537 145.389646 0.000000
1692799764602423541 145.082469 0.000000
1692799764748804610 144.821911 0.000000
1692799764857197203 145.122063 0.000000
1692799764930897806 145.024008 0.000000
1692799765039360204 145.443427 0.000000
1692799765148039507 145.455691 0.000000
1692799765221270238 144.808516 0.000000
1692799765293587453 145.545401 0.000000
1692799765329631696 144.854383 0.000000
1692799765549562114 145.127365 0.000000
1692799765620414878 144.627137 0.000000
1692799765984674228 145.411488 0.000000
1692799766093282139 145.333865 0.000000
1692799766094045162 145.164897 0.000000
1692799766167308514 144.794620 0.000000
1692799766201319075 145.052103 0.000000
1692799766274643251 144.769393 0.000000
1692799766311183805 145.467632 0.000000
1692799766311388880 144.857466 0.000000
1692799766311537349 145.190311 0.000000
1692799766456202234 145.016185 0.000000
1692799766530210466 144.913092 0.000000
1692799766564235736 145.036504 0.000000
1692799767110620505 145.196394 0.000000
1692799767255090314 144.970058 0.000000
1692799767328688106 145.173845 0.000000
1692799767363416535 144.998912 0.000000
1692799767401196147 144.718577 0.000000
1692799767472972766 145.195821 0.000000
1692799767473527819 144.824564 0.000000
1692799767582272344 145.007248 0.000000
1692799767691946877 144.670298 0.000000
1692799767729184270 144.739336 0.000000
1692799767871984255 145.101909 0.000000
1692799767947074496 144.962224 0.000000
1692799768018087240 145.156507 0.000000
1692799768163560502 145.150876 0.000000
