1692799620202677964 78.013420 627.465607 626 9720 0.000000
1692799621206945011 78.127974 616.370001 619 10341 0.000000
1692799622204402293 77.790917 615.565184 614 10952 0.000000
1692799623209131806 78.237114 619.072066 622 11574 0.000000
1692799624202438441 77.505952 613.103726 609 12183 0.000000
1692799625209389725 77.126105 625.650979 630 12813 0.000000
1692799626201766051 78.783515 607.632354 603 13416 0.000000
1692799627210056629 78.605497 610.934935 616 14033 0.000000
1692799628210990597 79.079435 599.440215 600 14632 0.000000
1692799629217926546 77.959380 623.674227 628 15260 0.000000
1692799630198631211 78.669276 608.745976 597 15857 0.000000
1692799631214343545 78.081894 613.362647 623 16480 0.000000
1692799632208446875 77.922786 613.618280 610 17090 0.000000
1692799633211660849 78.149742 625.988041 628 17718 0.000000
1692799634229497981 76.472295 622.889512 634 18352 0.000000
1692799635227629476 77.109397 609.138141 608 18960 0.000000
1692799636230468955 77.468315 634.199243 636 19596 0.000000
1692799637213369498 78.165076 616.542530 606 20202 0.000000
1692799638231466485 78.436559 609.961540 621 20823 0.000000
1692799639223861147 77.353894 611.651794 607 21432 0.000000
1692799640231051784 79.062967 615.573665 620 22050 0.000000
1692799641212499030 78.114528 616.436597 605 22655 0.000000
1692799642231773193 77.389706 618.086892 630 23285 0.000000
1692799643233509968 77.797119 605.947575 607 23892 0.000000
1692799644232837458 79.785971 611.411119 611 24503 0.000000
1692799645249213712 77.961469 608.042583 618 25129 0.000000
1692799646250166452 78.104645 617.411785 618 25739 0.000000
1692799647250969491 77.947659 621.500936 622 26361 0.000000
1692799648232274584 77.495576 618.563933 607 26968 0.000000
1692799649249375085 78.594265 611.542386 622 27590 0.000000
1692799650243916297 78.012399 610.331628 607 28197 0.000000
1692799651249350880 78.345658 614.659618 618 28815 0.000000
1692799652261065481 78.493065 597.994707 605 29420 0.000000
1692799653262224391 78.510148 620.281180 621 30041 0.000000
1692799654239472776 77.730736 622.155013 608 30665 0.000000
1692799655249375379 78.297727 617.881378 624 31273 0.000000
1692799656268076527 77.414445 618.434570 630 31903 0.000000
1692799657258067355 78.230034 610.106650 604 32507 0.000000
1692799658268373483 77.973735 616.644792 623 33130 0.000000
1692799659250397303 78.744358 613.019572 602 33732 0.000000
1692799660275817528 77.260823 617.308069 633 34365 0.000000
1692799661252463113 77.229421 624.586841 610 34975 0.000000
1692799662267792732 77.529873 617.533460 627 35602 0.000000
1692799663275009431 78.917400 593.715312 598 36200 0.000000
1692799664268896911 77.599606 638.905354 635 36835 0.000000
1692799665285293361 77.337152 600.159497 610 37460 0.000000
1692799666267876433 77.838213 632.007586 621 38066 0.000000
1692799667286918041 78.671315 611.358807 623 38689 0.000000
1692799668268980414 77.851688 619.105191 608 39297 0.000000
1692799669287652383 77.580366 615.507346 627 39924 0.000000
1692799670291209539 77.937440 601.859070 604 40528 0.000000
1692799671288410977 78.346714 627.756842 626 41154 0.000000
1692799672270625321 77.793493 616.973281 606 41760 0.000000
1692799673289181728 78.680909 608.704629 620 42380 0.000000
1692799674297491359 78.687774 598.030575 603 42983 0.000000
1692799675290322542 76.770206 637.570640 633 43616 0.000000
1692799676272316507 77.494797 621.185017 610 44230 0.000000
1692799677290880983 77.551280 617.535833 629 44855 0.000000
1692799678308837388 78.491683 612.992828 624 45479 0.000000
1692799679290845656 77.911081 613.029481 602 46081 0.000000
1692799680308906974 78.565953 607.036080 618 46699 0.000000
1692799681308672348 79.352607 604.141772 604 47303 0.000000
1692799682310048613 77.104432 630.132802 631 47934 0.000000
1692799683291387471 78.480798 611.409595 600 48534 0.000000
1692799684309710949 78.172532 608.843815 620 49154 0.000000
1692799685300360051 77.559703 620.805085 615 49769 0.000000
1692799686308757081 78.682009 612.853896 618 50387 0.000000
1692799687323858764 78.214935 598.954781 608 51009 0.000000
1692799688316586941 77.346214 631.592831 627 51622 0.000000
1692799689324015597 77.025919 626.347083 631 52253 0.000000
1692799690305174188 78.025670 615.598748 604 52857 0.000000
1692799691325238870 77.382813 619.568505 632 53490 0.000000
1692799692308455212 77.161879 623.464051 613 54102 0.000000
1692799693324643723 77.846643 615.043370 625 54727 0.000000
1692799694306785299 78.843617 610.909888 600 55327 0.000000
1692799695327162271 78.378190 614.478783 627 55954 0.000000
1692799696307484641 76.747661 622.244287 610 56575 0.000000
1692799697326495071 78.238765 613.340050 625 57189 0.000000
1692799698343807431 77.197329 607.483095 618 57819 0.000000
1692799699327030551 78.082384 630.579189 620 58427 0.000000
1692799700345368276 77.826368 615.709153 627 59054 0.000000
1692799701327343954 78.004400 614.068193 603 59657 0.000000
1692799702346385442 76.823632 628.041273 640 60297 0.000000
1692799703327756749 76.332975 628.712084 617 60914 0.000000
1692799704346157982 78.081523 612.725103 624 61538 0.000000
1692799705329629625 78.062757 615.167712 605 62147 0.000000
1692799706348244193 76.744499 625.359208 637 62780 0.000000
1692799707330226756 78.625267 606.935396 596 63376 0.000000
1692799708348571530 78.548184 613.741077 625 64001 0.000000
1692799709364417289 77.393847 603.438048 613 64629 0.000000
1692799710348327427 77.326300 639.286043 629 65243 0.000000
1692799711367237148 80.126563 596.716220 608 65851 0.000000
1692799712367395798 77.903267 612.902794 613 66464 0.000000
1692799713367064166 77.177820 630.209016 630 67094 0.000000
1692799714348584733 77.988740 613.334028 602 67696 0.000000
1692799715366551661 78.393789 610.039465 621 68317 0.000000
1692799716360455998 76.860460 622.796382 619 68936 0.000000
1692799717365402015 76.828965 627.894430 631 69567 0.000000
1692799718346844691 78.992491 606.250384 595 70178 0.000000
1692799719376710835 78.924962 603.961973 622 70784 0.000000
1692799720383930277 78.327122 618.534526 623 71407 0.000000
1692799721366336785 79.178632 606.673524 596 72003 0.000000
1692799722384346396 76.915448 622.783855 634 72637 0.000000
1692799723370145790 79.087379 604.585456 596 73233 0.000000
1692799724382095623 78.236231 617.619543 625 73858 0.000000
1692799725367227637 77.391779 621.236555 612 74470 0.000000
1692799726391962256 79.529619 603.082973 618 75088 0.000000
1692799727368387760 76.747156 623.703553 609 75697 0.000000
1692799728385638700 77.520354 620.299249 631 76328 0.000000
1692799729368016173 77.234141 621.960465 611 76942 0.000000
1692799730386186036 77.653907 618.757326 630 77569 0.000000
1692799731403890972 78.911584 606.266098 617 78188 0.000000
1692799732385392807 77.440635 618.439993 607 78793 0.000000
1692799733402859599 77.924244 618.202000 629 79422 0.000000
1692799734384086654 77.983779 617.594047 606 80028 0.000000
1692799735402999266 78.824611 605.547527 617 80645 0.000000
1692799736384583214 79.417125 602.088073 591 81236 0.000000
1692799737402093622 77.536650 622.106616 633 81869 0.000000
1692799738384479624 78.580309 610.757944 600 82469 0.000000
1692799739402674484 77.425228 619.724211 631 83100 0.000000
1692799740420132411 78.208449 608.378964 619 83728 0.000000
1692799741402972051 77.663658 620.650588 610 84329 0.000000
1692799742421473354 78.784720 609.719331 621 84950 0.000000
1692799743403097337 79.053275 608.175912 597 85547 0.000000
1692799744421470311 78.115460 616.669915 628 86175 0.000000
1692799745403622315 77.554333 619.048812 608 86783 0.000000
1692799746422222401 77.223499 616.532425 628 87411 0.000000
1692799747423898127 77.990248 610.976171 612 88023 0.000000
1692799748422313386 78.953314 618.980944 618 88641 0.000000
1692799749404664002 77.414328 615.869715 605 89246 0.000000
1692799750422354137 77.871017 615.118477 626 89872 0.000000
1692799751439326199 78.748647 606.702981 617 90494 0.000000
1692799752420559201 77.462933 626.762443 615 91104 0.000000
1692799753438183200 77.396811 620.071879 631 91735 0.000000
1692799754432135674 76.768127 617.735717 614 92349 0.000000
1692799755437666793 78.436509 614.600620 618 92967 0.000000
1692799756419797018 79.032124 610.916955 600 93567 0.000000
1692799757437817248 77.547438 615.901286 627 94198 0.000000
1692799758426117579 78.012565 616.209478 609 94803 0.000000
1692799759438795026 78.553136 611.250893 619 95422 0.000000
1692799760455075604 78.989240 590.388105 600 96040 0.000000
1692799761444423454 77.812479 633.750834 627 96649 0.000000
1692799762456887581 77.754360 623.231964 631 97280 0.000000
1692799763439260347 77.142798 617.891735 607 97887 0.000000
1692799764462227640 78.073264 614.877907 629 98516 0.000000
1692799765440538022 77.999656 618.413094 605 99121 0.000000
1692799766458206188 78.840268 608.253340 619 99740 0.000000
1692799767438957043 76.911974 617.893930 606 100346 0.000000
1692799768455961623 78.297436 615.533118 626 100972 0.000000
